POS	ABBA	BABA	ABBB	BABB	other	no_data
5000	0	0	0	3	4114	5883
6000	0	0	0	3	4586	5411
7000	0	0	0	3	4424	5573
8000	0	1	0	7	4184	5808
9000	0	1	1	7	4069	5922
10000	0	1	1	7	4332	5659
11000	0	1	1	5	4060	5933
12000	0	1	1	5	3806	6187
13000	0	1	1	5	3567	6426
14000	0	1	2	4	3439	6554
15000	0	2	4	4	3525	6465
16000	0	2	4	4	2944	7046
17000	0	2	4	4	3214	6776
18000	0	1	4	0	3338	6657
19000	1	1	3	0	3516	6479
20000	1	1	3	0	3360	6635
21000	1	1	3	0	3494	6501
22000	1	1	3	0	4170	5825
23000	1	1	3	0	4439	5556
24000	1	1	2	0	4013	5983
25000	1	0	3	0	3838	6158
26000	1	0	3	0	4097	5899
27000	1	0	3	0	3647	6349
28000	1	0	3	0	3591	6405
29000	0	0	3	0	3505	6492
30000	0	0	3	0	3933	6064
31000	0	0	3	0	4174	5823
32000	0	0	3	0	3851	6146
33000	0	0	3	0	3882	6115
34000	0	0	3	0	4046	5950
35000	0	0	0	0	4670	5329
36000	0	0	0	0	4735	5264
37000	0	0	0	0	5497	4502
38000	0	0	0	0	5772	4227
39000	0	0	0	0	6085	3914
40000	0	0	0	0	6278	3721
41000	0	0	0	0	6218	3781
42000	0	0	0	0	6459	3540
43000	0	0	0	0	6510	3489
44000	0	0	0	0	6740	3260
45000	0	0	0	1	6762	3237
46000	0	0	0	1	6919	3080
47000	0	0	0	1	7143	2856
48000	0	0	0	1	7527	2472
49000	0	0	0	1	7734	2265
50000	0	0	0	1	7353	2646
51000	0	0	0	1	7397	2602
52000	0	1	0	1	7415	2583
53000	0	1	0	2	7366	2631
54000	0	1	0	2	7526	2471
55000	0	1	0	1	6906	3092
56000	0	1	1	1	6521	3476
57000	0	1	1	1	6389	3608
58000	0	1	1	1	6357	3640
59000	0	1	1	1	6424	3573
60000	0	1	1	1	6298	3699
61000	0	1	1	1	6457	3540
62000	0	0	1	1	6756	3242
63000	0	0	1	0	7066	2933
64000	0	0	1	0	7278	2721
65000	0	0	1	0	7744	2255
66000	0	0	0	0	8265	1735
67000	0	0	0	0	8281	1719
68000	0	0	0	0	7930	2070
69000	0	0	0	0	7527	2473
70000	0	0	0	0	7406	2594
71000	0	0	0	0	7297	2703
72000	0	0	0	0	7187	2813
73000	0	0	0	0	7038	2962
74000	0	0	0	0	6770	3230
75000	0	0	0	0	6693	3307
76000	0	0	0	0	6061	3939
77000	0	0	0	0	5428	4572
78000	0	0	0	0	4837	5163
79000	0	0	0	0	4301	5699
80000	0	0	0	0	4394	5606
81000	1	0	0	0	4413	5586
82000	1	0	0	0	4364	5635
83000	1	0	0	0	3805	6194
84000	1	0	0	0	3850	6149
85000	1	0	0	0	3771	6228
86000	1	0	0	0	4317	5682
87000	1	0	0	0	4957	5042
88000	1	0	0	0	5606	4393
89000	1	0	0	0	5881	4118
90000	1	0	0	0	6313	3686
91000	0	0	0	0	5778	4222
92000	0	0	0	0	5424	4576
93000	0	0	0	0	5782	4218
94000	0	0	0	0	5793	4207
95000	0	0	0	0	6127	3873
96000	0	0	0	0	6192	3808
97000	0	0	0	0	6276	3724
98000	0	0	0	0	6560	3440
99000	0	0	0	0	7236	2764
100000	0	0	0	0	7160	2840
101000	0	0	0	0	7512	2488
102000	0	0	0	0	7619	2381
103000	0	0	0	0	7810	2190
104000	0	0	0	0	7794	2206
105000	0	0	0	0	7437	2563
106000	0	0	0	0	7047	2953
107000	0	0	0	0	6717	3283
108000	0	0	0	0	6438	3562
109000	0	0	0	0	6074	3926
110000	0	0	0	0	6137	3863
111000	0	0	0	0	6292	3708
112000	0	0	0	0	6612	3388
113000	0	0	0	0	6781	3219
114000	0	0	0	0	6827	3173
115000	0	0	0	0	7093	2907
116000	0	0	0	0	7573	2427
117000	0	0	0	0	7886	2114
118000	0	0	0	0	7939	2061
119000	0	0	0	0	7951	2049
120000	0	0	0	0	7901	2099
121000	0	0	0	0	7483	2517
122000	0	0	0	0	6658	3342
123000	0	0	0	0	6312	3688
124000	0	0	0	0	6060	3940
125000	0	0	0	0	5869	4131
126000	0	0	0	0	5111	4889
127000	0	0	0	0	4920	5080
128000	0	0	0	0	4625	5375
129000	0	0	0	0	4401	5599
130000	0	0	0	0	4304	5696
131000	0	0	0	0	4951	5049
132000	0	0	0	0	5538	4462
133000	0	0	0	0	5514	4486
134000	0	0	0	0	5874	4126
135000	0	0	0	0	5835	4165
136000	0	0	0	0	5952	4048
137000	0	0	0	0	5613	4387
138000	0	0	0	0	5718	4282
139000	0	0	0	0	5388	4612
140000	0	0	0	0	5101	4899
141000	0	0	0	0	4798	5202
142000	0	0	0	0	4991	5009
143000	0	0	0	0	5219	4781
144000	0	0	0	0	5286	4714
145000	0	0	1	0	4957	5042
146000	0	0	1	0	5127	4872
147000	0	0	1	0	5492	4507
148000	0	0	1	0	5558	4441
149000	0	0	1	0	6355	3644
150000	0	0	1	0	6624	3375
151000	0	0	1	0	6650	3349
152000	0	0	1	0	6406	3593
153000	0	0	1	0	6355	3644
154000	0	0	1	0	5825	4174
155000	0	0	0	0	5562	4438
156000	0	0	0	0	5092	4908
157000	0	0	0	0	5015	4985
158000	0	0	0	0	5413	4587
159000	0	0	0	0	5461	4539
160000	0	0	0	0	5568	4432
161000	0	0	0	0	5626	4374
162000	0	0	0	0	5901	4099
163000	0	0	0	0	6068	3932
164000	0	0	0	0	6739	3261
165000	0	0	0	0	7382	2618
166000	0	0	0	0	8194	1806
167000	0	0	0	0	8383	1617
168000	0	0	0	0	8349	1651
169000	0	0	0	0	8195	1805
170000	0	0	0	0	8136	1864
171000	0	0	0	0	8170	1830
172000	0	0	0	0	8093	1907
173000	0	0	0	0	7952	2048
174000	0	0	0	0	7997	2003
175000	0	0	0	0	8344	1656
176000	0	0	0	0	8511	1489
177000	0	0	0	0	8574	1426
178000	0	0	0	0	8572	1428
179000	0	0	0	0	8567	1433
180000	0	0	0	0	8814	1186
181000	0	0	0	0	9038	962
182000	0	0	0	0	9261	739
183000	0	0	0	0	9499	501
184000	0	0	0	0	9477	523
185000	0	0	0	0	9400	600
186000	0	0	0	0	9277	723
187000	0	0	0	0	9159	841
188000	0	0	1	0	8861	1138
189000	0	0	1	0	8836	1163
190000	0	0	1	0	8693	1306
191000	0	0	1	0	8635	1364
192000	0	0	1	0	8172	1827
193000	0	0	1	0	7812	2187
194000	0	0	1	0	7677	2322
195000	0	0	1	0	7528	2471
196000	0	0	1	0	7335	2664
197000	0	0	1	0	7057	2942
198000	0	0	0	0	6848	3152
199000	0	0	0	0	6884	3116
200000	0	0	0	0	6507	3493
201000	0	0	0	0	6460	3540
202000	0	0	1	0	6677	3322
203000	0	0	1	0	6849	3150
204000	0	0	1	0	6374	3625
205000	0	0	1	0	6269	3730
206000	0	0	1	0	6286	3713
207000	0	0	1	0	6305	3694
208000	0	0	1	0	6451	3548
209000	0	0	1	0	6315	3684
210000	0	0	1	0	6643	3356
211000	0	0	1	0	6398	3601
212000	0	0	0	0	6457	3543
213000	0	0	0	0	6410	3590
214000	0	0	0	0	6785	3215
215000	0	0	0	0	6681	3319
216000	0	0	0	0	6902	3098
217000	0	0	0	0	7087	2913
218000	0	0	0	0	6754	3246
219000	0	0	0	0	6649	3351
220000	0	0	0	0	6566	3434
221000	0	0	0	0	6576	3424
222000	0	0	0	0	6605	3395
223000	0	0	0	0	6489	3511
224000	0	0	0	0	6206	3794
225000	0	0	0	0	6393	3607
226000	0	0	0	0	5753	4247
227000	0	0	0	0	5434	4566
228000	0	0	0	0	5893	4107
229000	0	0	0	0	6004	3996
230000	0	0	0	1	5752	4247
231000	0	0	0	1	5347	4652
232000	0	0	0	1	5283	4716
233000	0	0	0	1	5134	4865
234000	0	0	0	1	4774	5225
235000	0	0	0	1	4030	5969
236000	0	0	0	1	4256	5743
237000	0	0	0	1	4400	5599
238000	0	0	0	1	4255	5744
239000	0	0	1	1	3852	6146
240000	0	0	1	0	3758	6241
241000	0	0	1	0	4076	5923
242000	0	0	1	0	3545	6454
243000	0	0	1	0	3256	6743
244000	0	0	1	0	3201	6798
245000	0	0	1	0	3248	6751
246000	0	0	1	0	3328	6671
247000	0	0	1	0	3538	6461
248000	0	0	1	0	3746	6253
249000	0	0	0	0	4467	5533
250000	0	0	0	0	4437	5563
251000	0	0	0	0	4042	5958
252000	0	0	0	0	4050	5950
253000	0	0	0	0	4510	5490
254000	0	0	0	0	4940	5060
255000	0	0	0	0	5867	4133
256000	0	0	0	0	6150	3850
257000	0	0	0	0	6130	3870
258000	0	0	0	0	5398	4602
259000	0	0	0	0	5031	4969
260000	0	0	0	0	5015	4985
261000	0	0	0	0	4975	5025
262000	0	0	0	0	4764	5236
263000	0	0	0	0	4629	5371
264000	0	0	0	0	4920	5080
265000	0	0	0	0	4634	5366
266000	0	0	0	0	4517	5483
267000	0	0	0	0	4492	5508
268000	0	0	0	0	4764	5236
269000	0	0	0	0	5017	4983
270000	0	0	0	0	5543	4457
271000	0	0	0	0	6308	3692
272000	0	0	0	0	6838	3162
273000	0	0	0	0	7102	2898
274000	0	0	0	0	7127	2873
275000	0	0	0	0	7282	2718
276000	0	0	0	0	7279	2721
277000	0	0	0	0	7393	2607
278000	0	0	0	0	8027	1973
279000	0	0	0	0	8176	1824
280000	0	0	0	0	8277	1723
281000	0	0	0	0	8110	1890
282000	0	0	0	0	8195	1805
283000	0	0	0	0	8266	1734
284000	0	0	0	0	8345	1655
285000	0	0	0	0	8433	1567
286000	0	0	0	0	8614	1386
287000	0	0	0	0	8659	1341
288000	0	0	0	0	7722	2278
289000	0	0	0	0	6912	3088
290000	0	0	0	0	6662	3338
291000	0	0	0	0	6791	3209
292000	0	0	0	0	7143	2857
293000	0	0	0	0	7237	2763
294000	0	0	0	0	6886	3114
295000	0	0	0	0	6949	3051
296000	0	0	0	0	6362	3638
297000	0	0	0	0	6247	3753
298000	0	0	0	0	6903	3097
299000	0	0	0	0	7429	2571
300000	0	0	0	0	7490	2510
301000	0	0	0	0	7356	2644
302000	0	0	1	0	7219	2780
303000	0	0	1	0	6757	3242
304000	0	0	1	0	7181	2818
305000	0	0	1	0	7056	2943
306000	0	0	1	0	7512	2487
307000	0	0	1	0	7072	2927
308000	0	0	1	0	7228	2771
309000	0	0	1	0	7470	2529
310000	0	0	1	0	7217	2782
311000	0	0	1	0	7294	2705
312000	0	0	0	0	7051	2949
313000	0	0	0	0	7475	2525
314000	0	0	0	0	7031	2969
315000	0	0	0	0	6640	3360
316000	0	0	0	0	6337	3663
317000	0	0	0	0	6861	3139
318000	0	0	0	0	6611	3389
319000	0	0	0	1	6185	3814
320000	0	0	0	1	6331	3668
321000	0	0	0	1	5797	4202
322000	0	0	0	1	5825	4174
323000	0	0	0	1	5329	4670
324000	0	0	0	1	5538	4461
325000	0	0	0	1	5671	4328
326000	0	0	0	1	5652	4347
327000	0	0	0	1	5503	4496
328000	0	0	1	1	5418	4580
329000	0	0	1	0	5117	4882
330000	0	0	1	0	4638	5361
331000	0	0	1	0	4838	5161
332000	0	0	1	0	4764	5235
333000	0	0	1	0	5000	4999
334000	0	0	1	0	4748	5251
335000	0	0	1	0	4666	5333
336000	0	0	1	0	4610	5389
337000	0	0	2	0	4521	5477
338000	0	0	1	0	4450	5549
339000	0	0	1	0	4661	5338
340000	0	0	1	0	4878	5121
341000	0	0	1	0	4960	5039
342000	0	0	1	1	5212	4786
343000	0	0	1	1	5160	4838
344000	0	0	1	1	5363	4635
345000	0	0	1	1	5537	4461
346000	0	0	1	1	5896	4102
347000	0	0	0	1	5851	4148
348000	0	0	1	2	6087	3910
349000	0	0	1	2	6246	3751
350000	0	0	1	2	6291	3706
351000	0	0	1	2	6521	3476
352000	0	0	1	1	6127	3871
353000	0	0	1	1	5586	4412
354000	0	0	1	1	5296	4702
355000	0	0	1	1	5430	4568
356000	0	0	1	1	5407	4591
357000	0	0	1	1	5191	4807
358000	0	0	0	0	4975	5025
359000	0	0	0	0	4918	5082
360000	0	0	0	0	5208	4792
361000	0	0	0	0	4696	5304
362000	0	0	0	0	5097	4903
363000	0	0	0	0	5788	4212
364000	0	0	0	0	6025	3975
365000	0	0	0	0	5753	4247
366000	0	0	0	0	5669	4331
367000	0	0	0	0	5590	4410
368000	0	0	0	0	5920	4080
369000	0	0	0	0	6197	3803
370000	0	0	0	0	6269	3731
371000	0	0	0	0	6438	3562
372000	0	0	0	0	6199	3801
373000	0	0	0	0	6107	3893
374000	0	0	0	0	6232	3768
375000	0	0	0	0	6148	3852
376000	0	0	0	0	6129	3871
377000	0	0	0	0	6370	3630
378000	0	0	0	0	6182	3818
379000	0	0	0	0	5958	4042
380000	0	0	0	0	5521	4479
381000	0	0	0	0	5650	4350
382000	0	0	0	0	5701	4299
383000	0	0	0	0	5574	4426
384000	0	0	0	0	5151	4849
385000	0	0	1	0	4931	5068
386000	0	0	2	0	4781	5217
387000	0	0	2	0	5174	4824
388000	0	0	2	0	5305	4693
389000	0	0	2	0	5100	4898
390000	0	0	2	0	5096	4902
391000	0	0	2	0	5098	4900
392000	0	0	2	0	5116	4882
393000	0	0	2	0	4897	5101
394000	0	0	2	0	5324	4674
395000	0	0	1	0	5525	4474
396000	0	0	0	0	5800	4200
397000	0	0	0	0	5483	4517
398000	0	0	0	0	5416	4584
399000	0	0	0	0	5422	4578
400000	0	0	0	0	5720	4280
401000	0	0	0	0	6035	3965
402000	0	0	0	0	6112	3888
403000	0	0	0	0	6366	3634
404000	0	0	0	0	6505	3495
405000	0	0	0	0	6157	3843
406000	0	0	0	0	5855	4145
407000	0	0	0	0	5714	4286
408000	0	0	0	0	5859	4141
409000	0	0	0	0	5855	4145
410000	0	0	0	0	5589	4411
411000	0	0	0	0	5120	4880
412000	0	0	0	0	5238	4762
413000	0	0	0	0	5167	4833
414000	0	0	0	0	4466	5534
415000	0	0	0	0	4373	5627
416000	0	0	0	0	4107	5893
417000	0	0	0	0	4284	5716
418000	0	0	0	0	4289	5711
419000	0	0	0	0	4418	5582
420000	0	0	0	1	4629	5370
421000	0	0	0	1	4724	5275
422000	0	0	0	1	4433	5566
423000	0	0	0	1	4608	5391
424000	0	0	0	1	4837	5162
425000	0	0	0	1	5101	4898
426000	0	0	0	1	5398	4601
427000	0	0	0	1	5284	4715
428000	0	0	0	1	4860	5139
429000	0	0	0	1	5005	4994
430000	0	0	0	0	5098	4902
431000	0	0	0	0	4911	5089
432000	0	0	0	0	5079	4921
433000	0	0	0	0	4894	5106
434000	0	0	0	0	5277	4723
435000	0	0	0	0	5597	4403
436000	0	0	0	0	5961	4039
437000	0	0	0	0	6358	3642
438000	0	0	0	0	6865	3135
439000	0	0	0	0	7180	2820
440000	0	0	0	0	7362	2638
441000	0	0	0	0	7840	2160
442000	0	0	0	0	7868	2132
443000	0	0	0	0	7712	2288
444000	0	0	0	0	7630	2370
445000	0	0	0	0	7867	2133
446000	0	0	0	0	7938	2062
447000	0	0	0	0	7975	2025
448000	0	0	0	0	7918	2082
449000	0	0	0	0	7912	2088
450000	0	0	0	0	7972	2028
451000	0	0	0	0	7936	2064
452000	0	0	0	0	7966	2034
453000	0	0	0	0	8266	1734
454000	0	0	0	0	8442	1558
455000	0	0	0	0	7908	2092
456000	0	0	0	0	7693	2307
457000	0	0	0	0	7665	2335
458000	0	0	0	0	7517	2483
459000	0	0	0	0	6882	3118
460000	0	0	0	0	6230	3770
461000	0	0	0	0	6424	3576
462000	0	0	0	0	6176	3824
463000	0	0	0	0	6388	3612
464000	0	0	0	0	6284	3716
465000	0	0	0	0	6934	3066
466000	0	0	0	0	6938	3062
467000	0	0	0	0	6737	3263
468000	0	0	0	0	6719	3281
469000	0	0	0	0	7165	2835
470000	0	0	0	0	7572	2428
471000	0	0	0	0	7291	2709
472000	0	0	0	0	7417	2583
473000	0	0	0	0	7068	2932
474000	0	0	0	0	7013	2987
475000	0	0	0	0	6756	3244
476000	0	0	0	0	6554	3446
477000	0	0	0	0	6208	3792
478000	0	0	0	0	6254	3746
479000	0	0	0	0	6149	3851
480000	0	0	0	0	6253	3747
481000	0	0	0	0	6125	3875
482000	0	0	0	0	6336	3664
483000	0	0	0	0	6703	3297
484000	0	0	1	0	6871	3128
485000	0	0	1	0	6827	3172
486000	0	0	1	0	7061	2938
487000	0	0	1	0	7377	2622
488000	0	0	1	0	7262	2737
489000	0	0	1	0	7332	2667
490000	0	0	1	0	7033	2966
491000	0	0	1	0	7160	2839
492000	0	0	1	0	6806	3193
493000	0	0	1	0	6562	3437
494000	0	0	0	0	6679	3321
495000	0	0	0	0	6763	3237
496000	0	0	0	0	6930	3070
497000	0	0	0	0	6956	3044
498000	0	0	0	0	7191	2809
499000	0	0	0	0	7448	2552
500000	0	0	0	0	7967	2033
501000	0	0	0	0	8299	1701
502000	0	0	0	0	8799	1201
503000	0	0	0	0	8880	1120
504000	0	0	0	0	8696	1304
505000	0	0	0	0	8458	1542
506000	0	0	0	0	8025	1975
507000	0	0	0	0	7876	2124
508000	0	0	0	0	7920	2080
509000	0	0	0	0	7472	2528
510000	0	0	0	0	7025	2975
511000	0	0	0	0	6864	3136
512000	0	0	0	0	6598	3402
513000	0	0	0	0	6371	3629
514000	0	0	0	0	6170	3830
515000	0	0	0	0	6472	3528
516000	0	0	0	0	6429	3571
517000	0	0	0	0	6072	3928
518000	0	0	0	0	5547	4453
519000	0	0	0	0	5661	4339
520000	0	0	0	0	5444	4556
521000	0	0	0	0	5155	4845
522000	0	0	0	0	4736	5264
523000	0	0	0	0	4416	5584
524000	0	0	0	0	4157	5843
525000	0	0	0	0	3575	6425
526000	0	0	0	0	3467	6533
527000	0	0	0	0	3636	6364
528000	0	0	0	0	3892	6108
529000	0	0	0	0	3469	6531
530000	0	0	0	0	3514	6486
531000	0	0	0	0	3203	6797
532000	0	0	0	0	3591	6409
533000	0	0	0	0	4333	5667
534000	0	0	0	0	4622	5378
535000	0	0	0	0	4982	5018
536000	0	0	0	0	5086	4914
537000	0	0	0	0	5272	4728
538000	0	0	0	0	5458	4542
539000	0	0	0	0	5990	4010
540000	0	0	0	0	6417	3583
541000	0	0	0	0	6840	3160
542000	0	0	0	0	6642	3358
543000	0	0	0	0	6006	3994
544000	0	0	0	0	6023	3977
545000	0	0	0	0	5909	4091
546000	0	0	0	0	5692	4308
547000	0	0	0	0	5786	4214
548000	0	0	0	0	5173	4827
549000	0	0	0	0	4704	5296
550000	0	0	0	0	4056	5944
551000	0	0	0	0	3394	6606
552000	0	0	0	0	3025	6975
553000	0	0	0	0	2914	7086
554000	0	0	0	0	2721	7279
555000	0	0	0	0	2988	7012
556000	0	0	0	0	3590	6410
557000	0	0	0	0	3835	6165
558000	0	0	0	0	4170	5830
559000	0	0	0	0	4808	5192
560000	0	0	0	0	5307	4693
561000	0	0	0	0	5764	4236
562000	0	0	0	0	6196	3804
563000	0	0	0	0	6619	3381
564000	0	0	0	0	6821	3179
565000	0	0	0	0	6582	3418
566000	0	0	0	0	6646	3354
567000	0	0	0	0	6539	3461
568000	0	0	0	0	6942	3058
569000	0	0	0	0	6839	3161
570000	0	0	0	0	7167	2833
571000	0	0	0	0	7681	2319
572000	0	0	0	0	7296	2704
573000	0	0	0	0	7190	2810
574000	0	0	0	0	7255	2745
575000	0	0	0	0	6812	3188
576000	0	0	0	0	6475	3525
577000	0	0	0	0	5805	4195
578000	0	0	0	0	5324	4676
579000	0	0	0	0	5130	4870
580000	0	0	0	0	4779	5221
581000	0	0	0	0	4663	5337
582000	0	0	0	0	5205	4795
583000	0	0	0	0	5285	4715
584000	0	0	0	0	5295	4705
585000	0	0	0	0	6176	3824
586000	0	0	0	0	6453	3547
587000	0	0	0	0	7136	2864
588000	0	0	0	0	6948	3052
589000	0	0	0	0	6822	3178
590000	0	0	0	0	6673	3327
591000	0	0	0	0	6689	3311
592000	0	0	0	0	6647	3353
593000	0	0	0	0	6889	3111
594000	0	0	0	0	6728	3272
595000	0	0	0	0	6779	3221
596000	0	0	0	0	6917	3083
597000	0	0	0	0	7055	2945
598000	0	0	0	0	7806	2194
599000	0	0	0	0	8308	1692
600000	0	0	0	0	8386	1614
601000	0	0	0	0	8169	1831
602000	0	0	0	0	8301	1699
603000	0	0	0	0	7711	2289
604000	0	0	0	0	7139	2861
605000	0	0	0	0	6445	3555
606000	0	0	0	0	6445	3555
607000	0	0	0	0	6409	3591
608000	0	0	0	0	6385	3615
609000	0	0	0	0	6332	3668
610000	0	0	0	0	6623	3377
611000	0	0	0	0	6925	3075
612000	0	0	0	0	7114	2886
613000	0	0	0	0	7753	2247
614000	0	0	0	0	8715	1285
615000	0	0	0	0	9352	648
616000	0	0	0	0	9346	654
617000	0	0	0	0	9235	765
618000	0	0	0	0	9114	886
619000	0	0	0	0	9146	854
620000	0	0	0	0	9065	935
621000	0	0	0	0	9040	960
622000	0	0	0	0	8847	1153
623000	0	0	0	0	8831	1169
624000	0	0	0	0	8753	1247
625000	0	0	0	0	8506	1494
626000	0	0	0	0	8315	1685
627000	0	0	0	0	8221	1779
628000	0	0	0	0	8366	1634
629000	0	0	0	0	8347	1653
630000	0	0	0	0	8400	1600
631000	0	0	0	0	8356	1644
632000	0	0	0	0	8413	1587
633000	0	0	0	0	8582	1418
634000	0	0	0	0	8668	1332
635000	0	0	0	0	8702	1298
636000	0	0	0	0	8321	1679
637000	0	0	0	0	8369	1631
638000	0	0	0	0	8310	1690
639000	0	0	0	0	8350	1650
640000	0	0	0	0	8509	1491
641000	0	0	0	0	8448	1552
642000	0	0	0	0	8260	1740
643000	0	0	0	0	8104	1896
644000	0	0	0	0	7870	2130
645000	0	0	0	0	8090	1910
646000	0	0	0	0	8518	1482
647000	0	0	0	0	8561	1439
648000	0	0	0	0	8492	1508
649000	0	0	0	0	8466	1534
650000	0	0	0	0	8386	1614
651000	0	0	0	0	8430	1570
652000	0	0	0	0	8600	1400
653000	0	0	0	0	8666	1334
654000	0	0	0	0	8874	1126
655000	0	0	0	0	8928	1072
656000	0	0	0	0	8600	1400
657000	0	0	0	0	8524	1476
658000	0	0	0	0	8090	1910
659000	0	0	0	0	7116	2884
660000	0	0	0	0	6210	3790
661000	0	0	0	0	5340	4660
662000	0	0	0	0	4494	5506
663000	0	0	0	0	3639	6361
664000	0	0	0	0	3565	6435
665000	0	0	0	0	3347	6653
666000	0	0	0	0	3814	6186
667000	0	0	0	0	3815	6185
668000	0	0	0	0	4292	5708
669000	0	0	0	0	5079	4921
670000	0	0	0	0	5442	4558
671000	0	0	0	0	5918	4082
672000	0	0	0	0	6445	3555
673000	0	0	0	0	7123	2877
674000	0	0	0	0	6639	3361
675000	0	0	0	0	6644	3356
676000	0	0	0	0	6340	3660
677000	0	0	1	0	6247	3752
678000	0	0	1	0	6116	3883
679000	0	0	1	0	6109	3890
680000	0	0	1	0	6215	3784
681000	0	0	1	0	6020	3979
682000	0	0	1	0	5890	4109
683000	0	0	1	0	5991	4008
684000	0	0	1	0	6418	3581
685000	0	0	1	1	6018	3980
686000	0	0	1	1	5693	4305
687000	0	0	0	1	5960	4039
688000	0	0	0	1	5803	4196
689000	0	0	0	1	6017	3982
690000	0	0	0	1	6537	3462
691000	0	0	0	1	6867	3132
692000	0	0	0	1	7470	2529
693000	0	0	0	1	7534	2465
694000	0	0	0	1	6855	3144
695000	0	0	0	0	7303	2697
696000	0	0	0	0	7743	2257
697000	0	0	0	0	7271	2729
698000	0	0	0	0	7608	2392
699000	0	0	0	0	7614	2386
700000	0	0	0	0	7563	2437
701000	0	0	0	0	7882	2118
702000	0	0	0	0	7720	2280
703000	0	0	0	0	7481	2519
704000	0	0	0	0	7786	2214
705000	0	0	0	0	7765	2235
706000	0	0	0	0	7870	2130
707000	0	0	0	0	8331	1669
708000	0	0	0	0	8038	1962
709000	0	0	0	0	7793	2207
710000	0	0	0	0	7835	2165
711000	0	0	0	0	7902	2098
712000	0	0	0	0	7997	2003
713000	0	0	0	0	7598	2402
714000	0	0	0	0	7640	2360
715000	0	0	0	0	7812	2188
716000	0	0	0	0	7819	2181
717000	0	0	0	0	7798	2202
718000	0	0	0	0	7885	2115
719000	0	0	0	0	8095	1905
720000	0	0	0	0	7899	2101
721000	0	0	0	0	7654	2346
722000	0	0	0	0	7653	2347
723000	0	0	0	0	8139	1861
724000	0	0	0	0	8340	1660
725000	0	0	0	0	8344	1656
726000	0	0	0	0	8337	1663
727000	0	0	0	0	8215	1785
728000	0	0	0	0	8197	1803
729000	0	0	0	0	7876	2124
730000	0	0	0	0	7670	2330
731000	0	0	0	0	7679	2321
732000	0	0	0	0	7619	2381
733000	0	0	0	0	7680	2320
734000	0	0	0	0	7298	2702
735000	0	0	0	0	6844	3156
736000	0	0	0	0	6312	3688
737000	0	0	0	0	6254	3746
738000	0	0	0	0	6492	3508
739000	0	0	0	0	6570	3430
740000	0	0	0	0	6344	3656
741000	0	0	0	0	6420	3580
742000	0	0	0	0	6378	3622
743000	0	0	0	0	6171	3829
744000	0	0	0	1	6411	3588
745000	0	0	0	1	6716	3283
746000	0	0	0	1	7212	2787
747000	0	0	0	1	7247	2752
748000	0	0	0	1	7195	2804
749000	0	0	0	1	7330	2669
750000	0	0	0	1	7588	2411
751000	0	0	0	1	7488	2511
752000	0	0	0	1	7646	2353
753000	0	0	0	1	7868	2131
754000	0	0	0	0	7475	2525
755000	0	0	0	0	7350	2650
756000	0	0	0	0	7431	2569
757000	0	0	0	0	7124	2876
758000	0	0	0	0	7099	2901
759000	0	0	0	0	6974	3026
760000	0	0	0	0	7219	2781
761000	0	0	0	0	7383	2617
762000	0	0	1	0	6802	3197
763000	0	0	4	0	6102	3894
764000	0	0	4	0	6132	3864
765000	0	0	4	0	6155	3841
766000	0	0	4	0	5798	4198
767000	0	0	4	0	5650	4346
768000	0	0	4	0	5524	4472
769000	0	0	4	0	5289	4707
770000	0	0	4	0	4711	5285
771000	0	0	4	0	4717	5279
772000	0	0	3	0	5057	4940
773000	0	0	0	0	4998	5002
774000	0	0	0	0	5703	4297
775000	0	0	0	0	5972	4028
776000	0	0	0	0	6105	3895
777000	0	0	0	0	6572	3428
778000	0	0	0	0	6702	3298
779000	0	0	0	0	6735	3265
780000	0	0	0	0	7232	2768
781000	0	0	0	0	7105	2895
782000	0	0	0	0	7214	2786
783000	0	0	0	0	8125	1875
784000	0	0	0	0	7804	2196
785000	0	0	0	0	7318	2682
786000	0	0	0	0	7097	2903
787000	0	0	0	0	7059	2941
788000	0	0	0	0	6382	3618
789000	0	0	0	0	6654	3346
790000	0	0	0	0	6697	3303
791000	0	0	0	0	6721	3279
792000	0	0	0	0	6520	3480
793000	0	0	0	0	6156	3844
794000	0	0	0	0	6227	3773
795000	0	0	0	0	6677	3323
796000	0	0	0	0	6934	3066
797000	0	0	0	0	6895	3105
798000	0	0	0	0	7410	2590
799000	0	0	0	0	7529	2471
800000	0	0	0	0	7590	2410
801000	0	0	0	0	7739	2261
802000	0	0	0	0	7494	2506
803000	0	0	0	0	7838	2162
804000	0	0	0	0	8088	1912
805000	0	0	0	0	8113	1887
806000	0	0	0	0	8343	1657
807000	0	0	0	0	8509	1491
808000	0	0	0	0	8678	1322
809000	0	0	0	0	7973	2027
810000	0	0	0	0	7101	2899
811000	0	0	0	0	6809	3191
812000	0	0	0	0	6959	3041
813000	0	0	0	0	6786	3214
814000	0	0	0	0	6538	3462
815000	0	0	0	0	6076	3924
816000	0	0	0	0	5335	4665
817000	0	0	0	0	5149	4851
818000	0	0	0	0	4948	5052
819000	0	0	0	0	5373	4627
820000	0	0	0	0	5886	4114
821000	0	0	0	0	6053	3947
822000	0	0	1	0	5962	4037
823000	0	0	1	0	5682	4317
824000	0	0	1	0	5713	4286
825000	0	0	1	0	6111	3888
826000	0	0	1	0	6629	3370
827000	0	0	1	0	6961	3038
828000	0	0	1	0	7186	2813
829000	0	0	1	0	7333	2666
830000	0	0	1	0	7007	2992
831000	0	0	2	0	6891	3107
832000	0	0	1	0	7368	2631
833000	0	0	1	0	7261	2738
834000	0	0	1	0	6920	3079
835000	0	0	1	0	6728	3271
836000	0	0	1	0	6642	3357
837000	0	0	1	0	6439	3560
838000	0	0	1	0	6057	3942
839000	0	0	1	0	6073	3926
840000	0	0	1	0	6293	3706
841000	0	0	0	0	6422	3578
842000	0	0	0	0	6450	3550
843000	0	0	0	0	6924	3076
844000	0	0	0	0	7371	2629
845000	0	0	0	0	7166	2834
846000	0	0	0	0	7229	2771
847000	0	0	0	0	6634	3366
848000	0	0	0	0	6649	3351
849000	0	0	0	0	6819	3181
850000	0	0	0	0	7195	2805
851000	0	0	0	0	6996	3004
852000	0	0	0	0	6387	3613
853000	0	1	0	0	6153	3846
854000	0	1	0	0	5917	4082
855000	0	1	0	0	5575	4424
856000	0	1	0	0	5465	4534
857000	0	1	0	0	5881	4118
858000	0	1	0	0	6282	3717
859000	0	1	0	0	6053	3946
860000	0	1	0	0	6181	3818
861000	0	1	0	0	6436	3563
862000	0	1	0	0	6702	3297
863000	0	0	0	0	6966	3034
864000	0	0	0	0	7021	2979
865000	0	0	0	0	7645	2355
866000	0	0	0	0	7770	2230
867000	0	0	0	0	7961	2039
868000	0	0	0	0	7763	2237
869000	0	0	0	0	7982	2018
870000	0	0	0	0	7519	2481
871000	0	0	0	0	7270	2730
872000	0	0	0	0	7509	2491
873000	0	0	0	0	7544	2456
874000	0	0	0	0	7799	2201
875000	0	0	0	0	7857	2143
876000	0	0	0	0	8012	1988
877000	0	0	0	0	7814	2186
878000	0	0	0	0	7637	2363
879000	0	0	0	0	7409	2591
880000	0	0	0	0	7668	2332
881000	0	0	0	0	7961	2039
882000	0	0	0	0	7941	2059
883000	0	0	0	0	7634	2366
884000	0	1	0	0	7513	2486
885000	0	1	0	0	7451	2548
886000	0	1	0	0	7431	2568
887000	0	1	0	0	7750	2249
888000	0	1	0	0	7668	2331
889000	0	1	0	0	7845	2154
890000	0	1	0	0	8113	1886
891000	0	1	0	0	7995	2004
892000	0	1	0	0	7980	2019
893000	0	1	0	0	8046	1953
894000	0	0	0	0	8230	1770
895000	0	0	0	0	8369	1631
896000	0	0	0	0	8462	1538
897000	0	0	0	0	8294	1706
898000	0	0	0	0	8225	1775
899000	0	0	0	0	8018	1982
900000	0	0	0	0	7796	2204
901000	0	0	0	0	7809	2191
902000	0	0	0	0	7900	2100
903000	0	0	0	0	7632	2368
904000	0	0	0	0	7599	2401
905000	0	0	0	0	7419	2581
906000	0	0	0	0	6659	3341
907000	0	0	0	0	6645	3355
908000	0	0	0	0	6420	3580
909000	0	0	0	0	6159	3841
910000	0	0	0	0	5712	4288
911000	0	0	0	0	5332	4668
912000	0	0	0	0	4815	5185
913000	0	1	0	0	5215	4784
914000	0	1	0	0	4964	5035
915000	0	1	0	0	4820	5179
916000	0	1	0	0	5268	4731
917000	0	1	0	0	5520	4479
918000	0	1	0	0	6220	3779
919000	0	1	0	0	6525	3474
920000	0	1	0	0	6576	3423
921000	0	1	0	0	6544	3455
922000	0	1	0	0	6971	3028
923000	0	0	0	0	6954	3046
924000	0	0	0	0	7067	2933
925000	0	0	0	0	7243	2757
926000	0	0	0	0	7372	2628
927000	0	0	0	0	6951	3049
928000	0	0	0	0	6776	3224
929000	0	0	0	0	6799	3201
930000	0	0	0	0	7347	2653
931000	0	0	0	0	7438	2562
932000	0	0	0	0	7047	2953
933000	0	0	0	0	7037	2963
934000	0	0	0	0	6932	3068
935000	0	0	0	0	6799	3201
936000	0	0	0	0	6818	3182
937000	0	0	0	0	6856	3144
938000	0	0	0	0	6846	3154
939000	0	0	0	0	6596	3404
940000	0	0	0	0	5982	4018
941000	0	0	0	0	6377	3623
942000	0	0	0	0	6730	3270
943000	0	0	0	0	6742	3258
944000	0	0	0	0	6967	3033
945000	0	0	0	0	6887	3113
946000	0	0	0	0	6586	3414
947000	0	0	0	0	6912	3088
948000	0	0	0	0	6768	3232
949000	0	0	0	0	6522	3478
950000	0	0	0	0	7159	2841
951000	0	0	0	0	7249	2751
952000	0	0	0	0	7078	2922
953000	0	0	0	0	6625	3375
954000	0	0	0	0	6126	3874
955000	0	0	0	0	6237	3763
956000	0	0	0	0	6652	3348
957000	0	0	1	0	6376	3623
958000	0	0	1	0	6549	3450
959000	0	0	1	0	6920	3079
960000	0	0	1	0	6603	3396
961000	0	0	1	0	6246	3753
962000	0	0	1	0	6213	3786
963000	0	0	1	0	6525	3474
964000	0	0	1	1	6519	3479
965000	0	0	1	1	6405	3593
966000	0	0	1	1	6487	3511
967000	0	0	0	3	6776	3221
968000	0	0	0	3	6685	3312
969000	0	0	0	3	6771	3226
970000	0	0	0	3	7048	2949
971000	0	0	0	3	7231	2766
972000	0	0	0	3	7151	2846
973000	0	0	0	3	7155	2842
974000	0	0	0	2	7776	2222
975000	0	0	0	2	8115	1883
976000	0	0	0	2	8005	1993
977000	0	0	0	0	7800	2200
978000	0	0	0	0	7977	2023
979000	0	0	0	0	7994	2006
980000	0	0	0	0	7559	2441
981000	0	0	0	0	7110	2890
982000	0	0	0	0	6769	3231
983000	0	0	0	0	6515	3485
984000	0	0	0	0	6169	3831
985000	0	0	0	0	6109	3891
986000	0	0	0	0	5404	4596
987000	0	0	0	0	5024	4976
988000	0	0	0	0	4683	5317
989000	0	0	0	0	4882	5118
990000	0	0	0	0	5377	4623
991000	0	0	0	0	5488	4512
992000	0	0	0	0	5771	4229
993000	0	0	0	0	6329	3671
994000	0	0	0	0	6406	3594
995000	0	0	0	0	6015	3985
996000	0	0	0	0	6682	3318
997000	0	0	0	0	7130	2870
998000	0	0	0	0	7388	2612
999000	0	0	0	0	6824	3176
1000000	0	0	0	0	6564	3436
1001000	0	0	0	0	6772	3228
1002000	0	0	0	0	7243	2757
1003000	0	0	0	1	6686	3313
1004000	0	0	0	1	6726	3273
1005000	0	0	0	1	6502	3497
1006000	0	0	0	1	5764	4235
1007000	0	0	0	1	5899	4100
1008000	0	0	2	1	5823	4174
1009000	0	0	2	1	5896	4101
1010000	0	0	2	1	5634	4363
1011000	0	0	2	1	5407	4590
1012000	0	0	2	1	5302	4695
1013000	0	0	2	0	5765	4233
1014000	0	0	2	0	5822	4176
1015000	0	0	2	0	6293	3705
1016000	0	0	2	0	6910	3088
1017000	0	0	2	0	6447	3551
1018000	0	0	0	0	6226	3774
1019000	0	0	0	0	6166	3834
1020000	0	0	0	0	5747	4253
1021000	0	0	0	0	5924	4076
1022000	0	0	0	0	5385	4615
1023000	0	0	0	0	5419	4581
1024000	0	0	0	0	5459	4541
1025000	0	0	0	0	5439	4561
1026000	0	1	0	0	5506	4493
1027000	0	1	0	0	5842	4157
1028000	0	1	0	0	6303	3696
1029000	0	1	0	1	6743	3255
1030000	0	1	0	1	6784	3214
1031000	0	1	0	1	7073	2925
1032000	0	1	1	1	7629	2368
1033000	0	1	1	2	7408	2588
1034000	0	1	1	2	6993	3003
1035000	0	1	1	2	6822	3174
1036000	0	0	1	2	6772	3225
1037000	0	0	1	2	6493	3504
1038000	0	0	1	2	6249	3748
1039000	0	0	1	1	6272	3726
1040000	0	0	1	1	6546	3452
1041000	0	0	1	1	6512	3486
1042000	0	0	0	1	6404	3595
1043000	0	0	0	0	6138	3862
1044000	0	0	0	0	6253	3747
1045000	0	0	0	0	6218	3782
1046000	0	0	0	0	6280	3720
1047000	0	0	0	0	6448	3552
1048000	0	0	0	0	6142	3858
1049000	0	0	0	0	5407	4593
1050000	0	0	0	0	5201	4799
1051000	0	0	0	0	4447	5553
1052000	0	0	0	0	4610	5390
1053000	0	0	0	0	5090	4910
1054000	0	0	0	0	5024	4976
1055000	0	0	0	0	5242	4758
1056000	0	0	0	0	5014	4986
1057000	0	0	0	0	5186	4814
1058000	0	0	0	0	5624	4376
1059000	0	0	0	0	6478	3522
1060000	0	0	0	0	7304	2696
1061000	0	0	0	0	7761	2239
1062000	0	0	0	0	7382	2618
1063000	0	0	0	0	7316	2684
1064000	0	0	0	0	7629	2371
1065000	0	0	0	0	7662	2338
1066000	0	0	0	0	7545	2455
1067000	0	0	0	0	7511	2489
1068000	0	0	0	0	7590	2410
1069000	0	0	0	0	7301	2699
1070000	0	0	0	0	7286	2714
1071000	0	0	0	0	7162	2838
1072000	0	0	0	0	7377	2623
1073000	0	0	0	0	6826	3174
1074000	0	0	0	0	6379	3621
1075000	0	0	0	0	6023	3977
1076000	0	0	0	0	6489	3511
1077000	0	0	0	0	6550	3450
1078000	0	0	0	0	6505	3495
1079000	0	0	0	0	6453	3547
1080000	0	0	0	0	5989	4011
1081000	0	0	0	0	5970	4030
1082000	0	0	0	0	6182	3818
1083000	0	0	0	0	6593	3407
1084000	0	0	0	0	6998	3002
1085000	0	0	0	0	7575	2425
1086000	0	0	0	0	7210	2790
1087000	0	0	0	0	6634	3366
1088000	0	0	0	0	6355	3645
1089000	0	0	0	0	6536	3464
1090000	0	0	0	0	6722	3278
1091000	0	0	0	0	7212	2788
1092000	0	0	0	0	6832	3168
1093000	0	0	0	0	7061	2939
1094000	0	0	0	0	7064	2936
1095000	0	0	0	0	6976	3024
1096000	0	0	0	0	7380	2620
1097000	0	0	0	0	7887	2113
1098000	0	0	0	0	8155	1845
1099000	0	0	0	0	8225	1775
1100000	0	0	0	0	8296	1704
1101000	0	0	0	0	8246	1754
1102000	0	0	0	0	8631	1369
1103000	0	0	0	0	8664	1336
1104000	0	0	0	0	8895	1105
1105000	0	0	0	0	8991	1009
1106000	0	0	0	0	8917	1083
1107000	0	0	0	0	8589	1411
1108000	0	0	0	0	7883	2117
1109000	0	0	0	0	7637	2363
1110000	0	0	0	0	7835	2165
1111000	0	0	0	0	7399	2601
1112000	0	0	0	0	6807	3193
1113000	0	0	0	0	6620	3380
1114000	0	0	0	0	6297	3703
1115000	0	0	0	0	6022	3978
1116000	0	0	0	0	5916	4084
1117000	0	0	0	0	5990	4010
1118000	0	0	0	0	6569	3431
1119000	0	0	0	0	6083	3917
1120000	0	0	0	0	5303	4697
1121000	0	0	0	0	5758	4242
1122000	0	0	0	0	6085	3915
1123000	0	0	0	0	5828	4172
1124000	0	0	0	0	5288	4712
1125000	0	0	0	0	4902	5098
1126000	0	0	0	0	4152	5848
1127000	0	0	0	0	4000	6000
1128000	0	0	0	0	3877	6123
1129000	0	0	0	0	4326	5674
1130000	0	0	0	0	4689	5311
1131000	0	0	0	0	4131	5869
1132000	0	0	0	0	4201	5799
1133000	0	0	0	0	4436	5564
1134000	0	0	0	0	4451	5549
1135000	0	0	0	0	4425	5575
1136000	0	0	0	0	5116	4884
1137000	0	0	0	0	5576	4424
1138000	0	0	0	0	5470	4530
1139000	0	0	0	0	5168	4832
1140000	0	0	1	0	5238	4761
1141000	0	0	1	0	5419	4580
1142000	0	0	1	0	5081	4918
1143000	0	0	1	0	4674	5325
1144000	0	0	1	0	5008	4991
1145000	0	0	1	0	5054	4945
1146000	0	0	1	0	4792	5207
1147000	0	0	2	0	4138	5860
1148000	0	0	2	0	4219	5779
1149000	0	0	2	0	4505	5493
1150000	0	0	1	0	4496	5503
1151000	0	0	1	0	4658	5341
1152000	0	0	1	0	4578	5421
1153000	0	0	1	0	4548	5451
1154000	0	0	1	0	4708	5291
1155000	0	0	1	0	5117	4882
1156000	0	0	1	0	4900	5099
1157000	0	0	0	0	4690	5310
1158000	0	0	0	0	4171	5829
1159000	0	0	0	0	4154	5846
1160000	0	0	0	0	4176	5824
1161000	0	0	0	0	3708	6292
1162000	0	0	0	0	3901	6099
1163000	0	0	0	0	4023	5977
1164000	0	0	0	0	3642	6358
1165000	0	0	0	0	3469	6531
1166000	0	0	0	0	3751	6249
1167000	0	0	0	0	4699	5301
1168000	0	0	0	0	5094	4906
1169000	0	0	0	0	5426	4574
1170000	0	0	0	0	5646	4354
1171000	0	0	0	0	6355	3645
1172000	0	0	0	0	6211	3789
1173000	0	0	0	0	6510	3490
1174000	0	0	0	0	7070	2930
1175000	0	0	0	0	7382	2618
1176000	0	0	0	0	7835	2165
1177000	0	0	0	0	7427	2573
1178000	0	0	0	0	7993	2007
1179000	0	0	0	0	7710	2290
1180000	0	0	0	0	7780	2220
1181000	0	0	0	1	7530	2469
1182000	0	0	0	1	7643	2356
1183000	0	0	0	1	6940	3059
1184000	0	0	0	1	6878	3121
1185000	0	0	0	1	6781	3218
1186000	0	0	0	1	6359	3640
1187000	0	0	0	1	6265	3734
1188000	0	0	0	1	5530	4469
1189000	0	0	0	1	5905	4094
1190000	0	0	0	1	5906	4093
1191000	0	0	0	0	5988	4012
1192000	0	0	0	0	6000	4000
1193000	0	0	0	0	6496	3504
1194000	0	0	0	0	6709	3291
1195000	0	0	0	0	6753	3247
1196000	0	0	0	0	6971	3029
1197000	0	0	0	0	7338	2662
1198000	0	0	0	0	8008	1992
1199000	0	0	0	1	7833	2166
1200000	0	0	0	1	7811	2188
1201000	0	0	0	1	7899	2100
1202000	0	0	0	1	8159	1840
1203000	0	0	0	1	8237	1762
1204000	0	0	0	1	8229	1770
1205000	0	0	0	1	8284	1715
1206000	0	0	0	1	8431	1568
1207000	0	0	0	1	8378	1621
1208000	0	0	0	1	8346	1653
1209000	0	0	0	0	8480	1520
1210000	0	0	0	0	8335	1665
1211000	0	0	0	0	8038	1962
1212000	0	0	0	0	7785	2215
1213000	0	0	0	0	7203	2797
1214000	0	0	0	0	6256	3744
1215000	0	0	0	0	5914	4086
1216000	0	0	0	0	5942	4058
1217000	0	0	0	0	5742	4258
1218000	0	0	0	0	5680	4320
1219000	0	0	0	0	5580	4420
1220000	0	0	0	0	5493	4507
1221000	0	0	0	0	5421	4579
1222000	0	0	0	0	5743	4257
1223000	0	0	0	0	6348	3652
1224000	0	0	0	0	7181	2819
1225000	0	0	0	0	7582	2418
1226000	0	0	0	0	7390	2610
1227000	0	0	0	1	7393	2606
1228000	0	0	0	1	7538	2461
1229000	0	0	0	1	7594	2405
1230000	0	0	0	1	7833	2166
1231000	0	0	0	1	8212	1787
1232000	0	0	0	1	7810	2189
1233000	0	0	0	1	8062	1937
1234000	0	0	0	1	7988	2011
1235000	0	0	0	1	7515	2484
1236000	0	0	0	1	7214	2785
1237000	0	0	0	0	7494	2506
1238000	0	0	0	0	7448	2552
1239000	0	0	0	0	7354	2646
1240000	0	0	0	0	7108	2892
1241000	0	0	0	0	6232	3768
1242000	0	0	0	0	5797	4203
1243000	0	0	0	0	4964	5036
1244000	0	0	0	0	5010	4990
1245000	0	0	0	0	5326	4674
1246000	0	0	0	0	5290	4710
1247000	0	0	0	0	5290	4710
1248000	0	0	0	0	4922	5078
1249000	0	0	0	0	4826	5174
1250000	0	0	0	0	5011	4989
1251000	0	0	0	0	5016	4984
1252000	0	0	0	0	5780	4220
1253000	0	0	0	0	6412	3588
1254000	0	0	0	0	6341	3659
1255000	0	0	2	0	6052	3946
1256000	0	0	2	0	6481	3517
1257000	0	0	2	0	6590	3408
1258000	0	0	2	0	6757	3241
1259000	0	0	2	0	6875	3123
1260000	0	0	2	0	6988	3010
1261000	0	0	2	0	7670	2328
1262000	0	0	2	0	7692	2306
1263000	0	0	2	0	7804	2194
1264000	0	0	2	0	7864	2134
1265000	0	0	0	0	7978	2022
1266000	0	0	1	0	7943	2056
1267000	0	0	1	0	6958	3041
1268000	0	0	1	0	6404	3595
1269000	0	0	1	0	5957	4042
1270000	0	0	1	0	5698	4301
1271000	0	0	1	0	5633	4366
1272000	0	0	1	0	5627	4372
1273000	0	0	1	0	5605	4394
1274000	0	0	1	0	5677	4322
1275000	0	0	1	0	5661	4338
1276000	0	0	0	0	5269	4731
1277000	0	0	0	0	5990	4010
1278000	0	0	0	0	6025	3975
1279000	0	0	0	0	6308	3692
1280000	0	0	0	0	6385	3615
1281000	0	0	1	0	6535	3464
1282000	0	0	1	0	6623	3376
1283000	0	0	1	0	6764	3235
1284000	0	0	1	0	6515	3484
1285000	0	0	1	0	6480	3519
1286000	0	0	1	0	6816	3183
1287000	0	0	1	0	7046	2953
1288000	0	0	1	0	7613	2386
1289000	0	0	1	0	7695	2304
1290000	0	0	1	0	7710	2289
1291000	0	0	0	0	7092	2908
1292000	0	0	0	0	6894	3106
1293000	0	0	0	0	6878	3122
1294000	0	0	0	0	6603	3397
1295000	0	0	0	0	6805	3195
1296000	0	0	0	0	6611	3389
1297000	0	0	0	0	6387	3613
1298000	0	0	0	0	5897	4103
1299000	0	0	0	0	5137	4863
1300000	0	0	0	1	5201	4798
1301000	0	0	0	1	5812	4187
1302000	0	0	0	1	5708	4291
1303000	0	0	0	1	5220	4779
1304000	0	0	0	1	5459	4540
1305000	0	0	0	1	5209	4790
1306000	0	0	0	1	5199	4800
1307000	0	0	0	1	4790	5209
1308000	0	0	0	1	5198	4801
1309000	0	0	0	1	6146	3853
1310000	0	0	1	0	6006	3993
1311000	0	0	1	0	6100	3899
1312000	0	0	1	0	6289	3710
1313000	0	0	1	0	6023	3976
1314000	0	0	1	0	6321	3678
1315000	0	0	1	0	6531	3468
1316000	0	0	1	2	6501	3496
1317000	0	0	1	2	6704	3293
1318000	0	0	1	2	6672	3325
1319000	0	0	1	2	5961	4036
1320000	0	0	0	2	5286	4712
1321000	0	0	0	2	4965	5033
1322000	0	0	0	2	5011	4987
1323000	0	0	0	2	5796	4202
1324000	0	0	0	2	5637	4361
1325000	0	0	0	3	5820	4177
1326000	0	0	0	1	6291	3708
1327000	0	0	0	1	6698	3301
1328000	0	0	0	1	6968	3031
1329000	0	0	0	1	7626	2373
1330000	0	0	1	2	8349	1648
1331000	0	0	2	2	8595	1401
1332000	0	0	2	2	8402	1594
1333000	0	0	2	2	8481	1515
1334000	0	0	2	2	8157	1839
1335000	0	0	2	1	8068	1929
1336000	0	0	2	1	7793	2204
1337000	0	0	2	1	7604	2393
1338000	0	0	2	1	7360	2637
1339000	0	0	2	1	6991	3006
1340000	0	0	1	0	7171	2828
1341000	0	0	0	0	7272	2728
1342000	0	0	0	0	7570	2430
1343000	0	0	0	0	7078	2922
1344000	0	0	0	0	7377	2623
1345000	0	0	0	0	6566	3434
1346000	0	0	0	0	5841	4159
1347000	0	0	0	0	5186	4814
1348000	0	0	0	0	5035	4965
1349000	0	0	0	0	5200	4800
1350000	0	0	0	0	4905	5095
1351000	0	0	0	0	4039	5961
1352000	0	0	0	0	3133	6867
1353000	0	0	0	0	2643	7357
1354000	0	0	0	0	2660	7340
1355000	0	0	0	0	3342	6658
1356000	0	0	0	0	4120	5880
1357000	0	0	0	0	4832	5168
1358000	0	0	0	0	4994	5006
1359000	0	0	0	0	5285	4715
1360000	0	0	0	0	5673	4327
1361000	0	0	0	0	6635	3365
1362000	0	0	0	0	7635	2365
1363000	0	0	0	0	8624	1376
1364000	0	0	0	0	8897	1103
1365000	0	0	0	0	8406	1594
1366000	0	0	0	0	8098	1902
1367000	0	0	0	0	8195	1805
1368000	0	0	0	0	8449	1551
1369000	0	0	0	0	8185	1815
1370000	0	0	0	0	7682	2318
1371000	0	0	0	0	7501	2499
1372000	0	0	0	0	7048	2952
1373000	0	0	0	0	6522	3478
1374000	0	0	0	0	6373	3627
1375000	0	0	0	0	6533	3467
1376000	0	0	0	0	6693	3307
1377000	0	0	0	0	6568	3432
1378000	0	0	0	0	6218	3782
1379000	0	0	0	0	5860	4140
1380000	0	0	0	0	6056	3944
1381000	0	0	0	0	5891	4109
1382000	0	0	0	0	5823	4177
1383000	0	0	0	0	6286	3714
1384000	0	0	0	0	5971	4029
1385000	0	0	0	0	6302	3698
1386000	0	0	0	0	6461	3539
1387000	0	0	0	0	6052	3948
1388000	0	0	0	0	5450	4550
1389000	0	0	0	0	6001	3999
1390000	0	0	0	0	5955	4045
1391000	0	0	0	0	6118	3882
1392000	0	0	0	0	6029	3971
1393000	0	0	0	0	5478	4522
1394000	0	0	0	0	5469	4531
1395000	0	0	0	0	4893	5107
1396000	0	0	0	0	4414	5586
1397000	0	0	0	0	4585	5415
1398000	0	0	0	0	5566	4434
1399000	0	0	0	0	5607	4393
1400000	0	0	0	0	5893	4107
1401000	0	0	0	0	6029	3971
1402000	0	0	0	0	6629	3371
1403000	0	0	0	0	7071	2929
1404000	0	0	0	0	7489	2511
1405000	0	0	0	0	8154	1846
1406000	0	0	0	0	8075	1925
1407000	0	0	0	0	7943	2057
1408000	0	0	0	0	7882	2118
1409000	0	0	0	0	7657	2343
1410000	0	0	0	0	7653	2347
1411000	0	0	0	0	7603	2397
1412000	0	0	0	0	7456	2544
1413000	0	0	0	0	7396	2604
1414000	0	0	0	0	7035	2965
1415000	0	0	0	0	7064	2936
1416000	0	0	0	0	7625	2375
1417000	0	0	0	0	8030	1970
1418000	0	0	0	0	8034	1966
1419000	0	0	0	0	8230	1770
1420000	0	0	0	0	7924	2076
1421000	0	0	0	0	7642	2358
1422000	0	0	0	0	7330	2670
1423000	0	0	0	0	7370	2630
1424000	0	0	0	0	7725	2275
1425000	0	0	0	0	7859	2141
1426000	0	0	0	0	7887	2113
1427000	0	0	0	0	7122	2878
1428000	0	0	0	0	6192	3808
1429000	0	0	0	0	5989	4011
1430000	0	0	0	0	6231	3769
1431000	0	0	0	0	6533	3467
1432000	0	0	0	0	6985	3015
1433000	0	0	0	0	7120	2880
1434000	0	0	0	0	7142	2858
1435000	0	0	0	0	6439	3561
1436000	0	0	0	0	6368	3632
1437000	0	0	0	0	7216	2784
1438000	0	0	0	0	8155	1845
1439000	0	0	0	0	8286	1714
1440000	0	0	0	0	8267	1733
1441000	0	0	0	0	8318	1682
1442000	0	0	0	0	8279	1721
1443000	0	0	0	0	7990	2010
1444000	0	0	0	0	7043	2957
1445000	0	0	0	0	7462	2538
1446000	0	0	0	0	7324	2676
1447000	0	0	0	0	7062	2938
1448000	0	0	0	0	6900	3100
1449000	0	0	0	0	6614	3386
1450000	0	0	0	0	6582	3418
1451000	0	0	0	0	6289	3711
1452000	0	0	0	0	5902	4098
1453000	0	0	0	0	5485	4515
1454000	0	0	0	0	6445	3555
1455000	0	0	0	0	6638	3362
1456000	0	0	0	0	6564	3436
1457000	0	0	0	0	6843	3157
1458000	0	0	0	0	6934	3066
1459000	0	0	0	0	7303	2697
1460000	0	0	0	0	7460	2540
1461000	0	0	0	0	7715	2285
1462000	0	0	0	0	7811	2189
1463000	0	0	0	0	8096	1904
1464000	0	0	0	0	7836	2164
1465000	0	0	0	0	7915	2085
1466000	0	0	0	0	7685	2315
1467000	0	0	0	0	7512	2488
1468000	0	0	0	0	7347	2653
1469000	0	0	0	0	7023	2977
1470000	0	0	0	0	6827	3173
1471000	0	0	0	0	6730	3270
1472000	0	0	0	0	6666	3334
1473000	0	0	0	0	6934	3066
1474000	0	0	0	0	7214	2786
1475000	0	0	0	0	6997	3003
1476000	0	0	0	0	7487	2513
1477000	0	0	0	0	7141	2859
1478000	0	0	0	0	7223	2777
1479000	0	0	0	0	7372	2628
1480000	0	0	0	0	7287	2713
1481000	0	0	0	0	7305	2695
1482000	0	0	0	0	7338	2662
1483000	0	0	0	0	7057	2943
1484000	0	0	0	0	6821	3179
1485000	0	0	0	0	6928	3072
1486000	0	0	0	0	6858	3142
1487000	0	0	0	0	7111	2889
1488000	0	0	0	0	6525	3475
1489000	0	0	0	0	6299	3701
1490000	0	0	0	0	5613	4387
1491000	0	0	0	0	4984	5016
1492000	0	0	0	0	4853	5147
1493000	0	0	0	0	4542	5458
1494000	0	0	0	0	4576	5424
1495000	0	0	0	0	4562	5438
1496000	0	0	0	0	4775	5225
1497000	0	0	0	1	4923	5076
1498000	0	0	0	1	5661	4338
1499000	0	0	0	1	5663	4336
1500000	0	0	0	1	6119	3880
1501000	0	0	0	1	6615	3384
1502000	0	0	0	1	7018	2981
1503000	0	0	0	1	7730	2269
1504000	0	0	0	1	7140	2859
1505000	0	0	0	1	6342	3657
1506000	0	0	0	1	5402	4597
1507000	0	0	0	0	5377	4623
1508000	0	0	0	0	4964	5036
1509000	0	0	0	0	5382	4618
1510000	0	0	0	0	5882	4118
1511000	0	0	0	0	5626	4374
1512000	0	0	0	0	5164	4836
1513000	0	0	0	1	4884	5115
1514000	0	0	0	1	5125	4874
1515000	0	0	0	1	5278	4721
1516000	0	0	0	1	5782	4217
1517000	0	0	0	1	5966	4033
1518000	0	0	0	1	6122	3877
1519000	0	0	0	1	5517	4482
1520000	0	0	0	1	5247	4752
1521000	0	0	0	1	5406	4593
1522000	0	0	0	1	5822	4177
1523000	0	0	0	0	6013	3987
1524000	0	0	0	0	6314	3686
1525000	0	0	0	0	6777	3223
1526000	0	0	0	0	7080	2920
1527000	0	0	0	0	6547	3453
1528000	0	0	0	0	6506	3494
1529000	0	0	0	0	6545	3455
1530000	0	0	0	0	6650	3350
1531000	0	0	0	0	6695	3305
1532000	0	0	0	0	6323	3677
1533000	0	0	0	0	5513	4487
1534000	0	0	0	0	5032	4968
1535000	0	0	0	0	4941	5059
1536000	0	0	0	0	5134	4866
1537000	0	0	0	0	5720	4280
1538000	0	0	0	0	5693	4307
1539000	0	0	0	0	5657	4343
1540000	0	0	0	0	5316	4684
1541000	0	0	0	0	5074	4926
1542000	0	0	0	0	4808	5192
1543000	0	0	0	0	5663	4337
1544000	0	0	0	0	6413	3587
1545000	0	0	0	0	6601	3399
1546000	0	0	0	0	6078	3922
1547000	0	0	0	0	5467	4533
1548000	0	0	0	0	5218	4782
1549000	0	0	0	0	5209	4791
1550000	0	0	0	0	5210	4790
1551000	0	0	0	0	5420	4580
1552000	0	0	0	0	5442	4558
1553000	0	0	0	1	4796	5203
1554000	0	0	0	1	3947	6052
1555000	0	0	0	1	3770	6229
1556000	0	0	0	1	4115	5884
1557000	0	0	0	1	4154	5845
1558000	0	0	0	1	4727	5272
1559000	0	0	0	1	5294	4705
1560000	0	0	0	1	5725	4274
1561000	0	0	0	1	5986	4013
1562000	0	0	0	1	6436	3563
1563000	0	0	0	0	6859	3141
1564000	0	0	0	0	7507	2493
1565000	0	0	0	0	7708	2292
1566000	0	0	0	0	7413	2587
1567000	0	0	0	0	7952	2048
1568000	0	0	0	0	8016	1984
1569000	0	0	0	0	8107	1893
1570000	0	0	0	0	7518	2482
1571000	0	0	0	0	7352	2648
1572000	0	0	0	0	7384	2616
1573000	0	0	0	0	7118	2882
1574000	0	0	0	0	6393	3607
1575000	0	0	0	0	5656	4344
1576000	0	0	0	0	5140	4860
1577000	0	0	0	0	4444	5556
1578000	0	0	0	0	4422	5578
1579000	0	0	0	0	4331	5669
1580000	0	0	0	0	4973	5027
1581000	0	0	0	0	5220	4780
1582000	0	0	0	0	5228	4772
1583000	0	0	0	0	5726	4274
1584000	0	0	0	0	6512	3488
1585000	0	0	0	0	7005	2995
1586000	0	0	0	0	7846	2154
1587000	0	0	0	0	8575	1425
1588000	0	0	0	0	8500	1500
1589000	0	0	0	0	8421	1579
1590000	0	0	0	0	8412	1588
1591000	0	0	0	0	8277	1723
1592000	0	0	0	0	7780	2220
1593000	0	0	0	0	6916	3084
1594000	0	0	0	0	6357	3643
1595000	0	0	0	0	6370	3630
1596000	0	0	0	0	6233	3767
1597000	0	0	0	0	6227	3773
1598000	0	0	0	0	6168	3832
1599000	0	0	0	0	6336	3664
1600000	0	0	0	0	6385	3615
1601000	0	0	0	0	6367	3633
1602000	0	0	0	0	6959	3041
1603000	0	0	0	0	7706	2294
1604000	0	0	0	0	8301	1699
1605000	0	0	0	0	8331	1669
1606000	0	0	0	0	8607	1393
1607000	0	0	0	0	8349	1651
1608000	0	0	0	0	8068	1932
1609000	0	0	0	0	7528	2472
1610000	0	0	0	0	7270	2730
1611000	0	0	0	0	7218	2782
1612000	0	0	0	0	7161	2839
1613000	0	0	0	0	7119	2881
1614000	0	0	0	0	6845	3155
1615000	0	0	0	0	7287	2713
1616000	0	0	0	0	7268	2732
1617000	0	0	0	0	7518	2482
1618000	0	0	0	0	7759	2241
1619000	0	0	0	0	8201	1799
1620000	0	0	0	0	8372	1628
1621000	0	0	0	0	8165	1835
1622000	0	0	0	0	7915	2085
1623000	0	0	0	0	7676	2324
1624000	0	0	1	0	7677	2322
1625000	0	0	1	0	7539	2460
1626000	0	0	1	0	7555	2444
1627000	0	0	1	0	7562	2437
1628000	0	0	1	0	7758	2241
1629000	0	0	1	0	7858	2141
1630000	0	0	1	0	7967	2032
1631000	0	0	1	0	8416	1583
1632000	0	0	1	0	8443	1556
1633000	0	0	1	0	8896	1103
1634000	0	0	1	0	9175	824
1635000	0	0	1	0	9142	857
1636000	0	0	1	0	9119	880
1637000	0	0	1	0	9119	880
1638000	0	0	2	0	9104	894
1639000	0	0	2	0	8949	1049
1640000	0	0	2	0	8941	1057
1641000	0	0	2	0	8850	1148
1642000	0	0	2	0	8712	1286
1643000	0	0	2	0	8446	1552
1644000	0	0	1	0	8372	1627
1645000	0	0	1	0	8481	1518
1646000	0	0	1	0	8480	1519
1647000	0	0	1	0	8367	1632
1648000	0	0	0	0	8136	1864
1649000	0	0	0	0	7550	2450
1650000	0	0	0	0	7387	2613
1651000	0	0	0	0	7204	2796
1652000	0	0	0	0	7521	2479
1653000	0	0	0	0	7795	2205
1654000	0	0	0	0	7675	2325
1655000	0	0	0	0	7290	2710
1656000	0	0	0	0	7312	2688
1657000	0	0	0	0	7364	2636
1658000	0	0	0	0	7412	2588
1659000	0	0	0	0	7737	2263
1660000	0	0	0	0	7861	2139
1661000	0	0	0	0	7964	2036
1662000	0	0	0	0	7746	2254
1663000	0	0	0	0	7556	2444
1664000	0	0	0	0	7837	2163
1665000	0	0	0	0	8124	1876
1666000	0	0	0	0	7684	2316
1667000	0	0	0	0	7706	2294
1668000	0	0	0	0	7820	2180
1669000	0	0	0	0	7957	2043
1670000	0	0	0	0	7959	2041
1671000	0	0	0	0	8087	1913
1672000	0	0	0	0	8081	1919
1673000	0	0	0	0	8252	1748
1674000	0	0	0	0	8231	1769
1675000	0	0	0	0	8273	1727
1676000	0	0	0	0	7959	2041
1677000	0	0	0	0	7966	2034
1678000	0	0	0	0	7937	2063
1679000	0	0	0	0	7631	2369
1680000	0	0	0	0	6777	3223
1681000	0	0	0	0	6483	3517
1682000	0	0	0	0	6534	3466
1683000	0	0	0	0	6456	3544
1684000	0	0	0	0	6058	3942
1685000	0	0	0	0	5757	4243
1686000	0	0	0	0	6525	3475
1687000	0	0	0	0	6201	3799
1688000	0	0	0	0	5742	4258
1689000	0	0	0	0	6051	3949
1690000	0	0	0	0	6747	3253
1691000	0	0	0	0	6765	3235
1692000	0	0	0	0	6793	3207
1693000	0	0	0	0	6762	3238
1694000	0	0	0	0	6571	3429
1695000	0	0	0	0	6012	3988
1696000	0	0	0	0	5012	4988
1697000	0	0	0	0	4375	5625
1698000	0	0	0	0	4280	5720
1699000	0	0	0	0	4180	5820
1700000	0	0	0	0	3921	6079
1701000	0	0	0	0	3874	6126
1702000	0	0	0	0	3906	6094
1703000	0	0	0	0	4085	5915
1704000	0	0	0	0	4665	5335
1705000	0	0	0	0	5387	4613
1706000	0	0	0	0	6041	3959
1707000	0	0	0	0	6804	3196
1708000	0	0	0	0	7124	2876
1709000	0	0	0	0	7431	2569
1710000	0	0	0	0	7522	2478
1711000	0	0	0	0	7551	2449
1712000	0	0	0	0	7801	2199
1713000	0	0	0	0	7315	2685
1714000	0	0	0	0	6834	3166
1715000	0	0	0	0	6887	3113
1716000	0	0	0	0	6937	3063
1717000	0	0	0	0	7161	2839
1718000	0	0	0	0	6974	3026
1719000	0	0	0	0	6790	3210
1720000	0	0	0	0	6310	3690
1721000	0	0	0	0	6058	3942
1722000	0	0	0	0	5961	4039
1723000	0	0	0	0	6313	3687
1724000	0	0	0	0	6431	3569
1725000	0	0	0	0	5789	4211
1726000	0	0	0	0	5348	4652
1727000	0	0	0	0	4713	5287
1728000	0	0	0	0	4630	5370
1729000	0	0	0	0	4476	5524
1730000	0	0	0	0	4940	5060
1731000	0	0	0	0	5030	4970
1732000	0	0	0	0	4963	5037
1733000	0	0	0	0	4859	5141
1734000	0	0	0	0	4545	5455
1735000	0	0	0	0	5330	4670
1736000	0	0	0	0	5862	4138
1737000	0	0	0	0	6434	3566
1738000	0	0	0	0	6897	3103
1739000	0	0	0	0	7290	2710
1740000	0	0	0	0	7207	2793
1741000	0	0	0	0	7323	2677
1742000	0	0	0	0	7195	2805
1743000	0	0	0	0	7011	2989
1744000	0	0	0	0	7692	2308
1745000	0	0	0	0	7521	2479
1746000	0	0	0	0	7678	2322
1747000	0	0	0	0	7296	2704
1748000	0	0	0	0	7314	2686
1749000	0	0	0	0	7176	2824
1750000	0	0	0	0	7228	2772
1751000	0	0	0	0	7304	2696
1752000	0	0	0	0	7482	2518
1753000	0	0	0	0	7910	2090
1754000	0	0	0	0	7838	2162
1755000	0	0	0	0	7686	2314
1756000	0	0	0	0	7310	2690
1757000	0	0	0	1	7590	2409
1758000	0	0	0	1	7574	2425
1759000	0	0	0	1	7454	2545
1760000	0	0	0	1	7666	2333
1761000	0	0	0	1	7340	2659
1762000	0	0	0	1	7312	2687
1763000	0	0	2	1	7019	2978
1764000	0	0	2	1	6799	3198
1765000	0	0	2	1	7131	2866
1766000	0	0	2	1	7354	2643
1767000	0	0	2	0	7368	2630
1768000	0	0	2	0	6786	3212
1769000	0	0	2	0	6834	3164
1770000	0	0	2	0	7035	2963
1771000	0	0	2	0	7318	2680
1772000	0	0	2	0	7107	2891
1773000	0	0	0	0	7206	2794
1774000	0	0	0	0	7104	2896
1775000	0	0	0	0	7159	2841
1776000	0	0	0	0	7167	2833
1777000	0	0	0	0	7073	2927
1778000	0	0	0	0	7804	2196
1779000	0	0	0	0	8019	1981
1780000	0	0	0	0	7352	2648
1781000	0	0	0	0	7532	2468
1782000	0	0	0	0	7678	2322
1783000	0	0	0	0	7800	2200
1784000	0	0	0	0	7828	2172
1785000	0	0	0	0	7674	2326
1786000	0	0	0	0	7794	2206
1787000	0	0	0	0	7878	2122
1788000	0	0	0	0	7692	2308
1789000	0	0	0	0	7179	2821
1790000	0	0	0	0	7796	2204
1791000	0	0	0	0	7520	2480
1792000	0	0	0	0	7322	2678
1793000	0	0	0	0	6853	3147
1794000	0	0	0	0	7165	2835
1795000	0	0	2	0	7217	2781
1796000	0	0	2	0	7286	2712
1797000	0	0	2	0	7436	2562
1798000	0	0	2	0	7590	2408
1799000	0	0	2	0	8094	1904
1800000	0	0	2	0	7846	2152
1801000	0	0	2	0	7933	2065