Pos	ABBA	BABA	ABBB	BABB	other	no_data	ABBA_norm	BABA_norm	ABBB_norm	BABB_norm
5000	0	0	0	1	6539	3427	0	0	0	0.000152137532329226
6000	0	0	0	1	6387	3573	0	0	0	0.000155593589544111
7000	0	0	0	1	6374	3515	0	0	0	0.00015420200462606
8000	0	0	0	1	5975	3853	0	0	0	0.000162680982593135
9000	0	0	0	1	5769	4043	0	0	0	0.000167869733087124
10000	0	0	0	1	5803	4009	0	0	0	0.000166917042230012
11000	0	0	0	1	6098	3714	0	0	0	0.000159083678014636
12000	0	0	0	0	6091	3713	0	0	0	0
13000	0	0	0	0	6311	3505	0	0	0	0
14000	0	0	0	0	6385	3430	0	0	0	0
15000	0	0	0	0	6591	3227	0	0	0	0
16000	0	0	0	0	6735	3088	0	0	0	0
17000	0	0	0	0	6800	3106	0	0	0	0
18000	0	0	0	0	6924	3043	0	0	0	0
19000	0	0	0	0	7029	2954	0	0	0	0
20000	0	0	0	0	7088	2895	0	0	0	0
21000	0	0	0	0	7178	2801	0	0	0	0
22000	0	0	0	0	7236	2750	0	0	0	0
23000	0	0	0	0	7297	2689	0	0	0	0
24000	0	0	0	0	7317	2666	0	0	0	0
25000	0	0	0	0	7121	2862	0	0	0	0
26000	0	0	0	0	7061	2901	0	0	0	0
27000	0	0	0	0	7149	2818	0	0	0	0
28000	0	0	0	0	7264	2703	0	0	0	0
29000	0	0	0	0	7111	2855	0	0	0	0
30000	0	0	0	0	6893	3050	0	0	0	0
31000	0	0	0	0	6956	2990	0	0	0	0
32000	0	0	0	0	6768	3177	0	0	0	0
33000	0	0	1	0	6710	3232	0	0	0.000147754137115839	0
34000	0	0	1	0	6741	3150	0	0	0.000145985401459854	0
35000	0	0	1	0	6819	3037	0	0	0.000143616257360333	0
36000	0	0	1	0	6784	3083	0	0	0.000144571345959231	0
37000	0	0	1	0	6578	3272	0	0	0.000148632580261593	0
38000	0	0	1	0	6502	3348	0	0	0.000150330727600722	0
39000	0	0	1	0	6323	3446	0	0	0.000152578577967653	0
40000	0	0	1	0	6409	3383	0	0	0.000151125887864591	0
41000	0	0	1	0	6394	3399	0	0	0.000151492198151795	0
42000	0	0	1	0	6464	3332	0	0	0.0001499700059988	0
43000	0	0	0	0	6263	3521	0	0	0	0
44000	0	0	0	0	6407	3432	0	0	0	0
45000	0	0	0	0	6440	3419	0	0	0	0
46000	0	0	0	0	6477	3394	0	0	0	0
47000	0	0	1	0	6697	3190	0	0	0.000146842878120411	0
48000	0	0	1	0	6706	3181	0	0	0.000146649068778413	0
49000	0	0	1	0	6997	2972	0	0	0.000142287990893569	0
50000	0	0	1	0	6738	3225	0	0	0.00014760147601476	0
51000	0	0	1	0	6781	3181	0	0	0.000146649068778413	0
52000	0	0	1	0	6766	3193	0	0	0.000146907595122668	0
53000	0	0	1	0	6937	3034	0	0	0.000143554407120299	0
54000	0	0	1	0	6925	3046	0	0	0.000143802128271498	0
55000	0	0	1	0	6875	3111	0	0	0.000145158949049209	0
56000	0	0	1	0	6950	3036	0	0	0.000143595634692705	0
57000	0	0	0	0	6911	3076	0	0	0	0
58000	0	0	0	0	6839	3141	0	0	0	0
59000	0	0	0	0	6830	3149	0	0	0	0
60000	0	0	0	0	7119	2859	0	0	0	0
61000	0	0	0	0	6443	3374	0	0	0	0
62000	0	0	0	0	6667	3143	0	0	0	0
63000	0	0	0	0	6615	3196	0	0	0	0
64000	0	0	0	0	6630	3181	0	0	0	0
65000	0	0	0	0	6556	3251	0	0	0	0
66000	0	0	0	0	6530	3269	0	0	0	0
67000	0	0	0	0	6542	3253	0	0	0	0
68000	0	0	0	0	6689	3113	0	0	0	0
69000	0	0	0	0	6651	3138	0	0	0	0
70000	0	0	1	0	6820	2975	0	0	0.000142348754448399	0
71000	0	0	1	0	7369	2569	0	0	0.00013457139012246	0
72000	0	0	1	0	6866	2556	0	0	0.000134336378291241	0
73000	0	0	1	0	6872	2543	0	0	0.00013410218586563	0
74000	0	0	1	0	6792	2622	0	0	0.000135538086202223	0
75000	0	0	1	0	6998	2420	0	0	0.000131926121372032	0
76000	0	0	1	0	6673	2462	0	0	0.000132661183337755	0
77000	0	0	1	0	6426	2697	0	0	0.000136930028755306	0
78000	0	0	1	0	6301	2802	0	0	0.000138927479855515	0
79000	0	0	1	0	6390	2727	0	0	0.000137494843943352	0
80000	0	0	0	0	6189	2926	0	0	0	0
81000	0	0	0	1	6181	2935	0	0	0	0.000141542816702052
82000	0	0	0	1	6598	3044	0	0	0	0.000143760782058654
83000	0	0	0	1	6643	3006	0	0	0	0.000142979696883043
84000	0	0	0	1	6524	3086	0	0	0	0.000144634075788256
85000	0	0	0	1	5917	3641	0	0	0	0.000157257430413587
86000	0	0	0	1	5584	4224	0	0	0	0.000173130193905817
87000	0	0	0	1	5810	4014	0	0	0	0.000167056465085199
88000	0	0	0	1	5833	4003	0	0	0	0.00016675004168751
89000	0	0	0	1	5615	4182	0	0	0	0.000171880371261602
90000	0	0	1	1	5680	4119	0	0	0.000170039108995069	0.000170039108995069
91000	0	0	1	0	5792	4021	0	0	0.000167252048837598	0
92000	0	0	1	0	5770	4039	0	0	0.000167757087736957	0
93000	0	0	1	0	5821	3990	0	0	0.000166389351081531	0
94000	0	0	1	0	5970	3881	0	0	0.000163425396306586	0
95000	0	0	1	0	6582	3321	0	0	0.00014972301242701	0
96000	0	0	1	0	7222	2722	0	0	0.000137400384721077	0
97000	0	0	1	0	6957	2912	0	0	0.000141083521444695	0
98000	0	0	1	0	6436	3329	0	0	0.000149902563333833	0
99000	0	0	1	0	6602	3202	0	0	0.000147102088849662	0
100000	0	0	0	0	6536	3269	0	0	0	0
101000	0	0	0	0	6502	3300	0	0	0	0
102000	0	0	0	0	6585	3221	0	0	0	0
103000	0	0	0	0	6539	3267	0	0	0	0
104000	0	0	0	0	6450	3351	0	0	0	0
105000	0	0	0	0	6301	3490	0	0	0	0
106000	0	0	0	0	6096	3695	0	0	0	0
107000	0	0	0	0	6253	3603	0	0	0	0
108000	0	0	0	0	6331	3512	0	0	0	0
109000	0	0	0	0	6310	3533	0	0	0	0
110000	0	0	0	1	6433	3409	0	0	0	0.000151722045213169
111000	0	0	0	1	6455	3377	0	0	0	0.00015098897780462
112000	0	0	0	1	6494	3332	0	0	0	0.0001499700059988
113000	0	0	0	1	6535	3282	0	0	0	0.000148853825543316
114000	0	0	0	1	6514	3275	0	0	0	0.000148698884758364
115000	0	0	0	1	6335	3458	0	0	0	0.000152858453072455
116000	0	0	0	1	6413	3364	0	0	0	0.000150693188667872
117000	0	0	0	1	6259	3528	0	0	0	0.00015451174289246
118000	0	1	0	1	6723	3187	0	0.000146778218112432	0	0.000146778218112432
119000	0	1	0	1	6745	3165	0	0.000146305779078274	0	0.000146305779078274
120000	0	1	0	0	6705	3204	0	0.000147145379635079	0	0
121000	0	1	0	0	6721	3205	0	0.000147167034584253	0	0
122000	0	1	0	0	6525	3405	0	0.000151630022744503	0	0
123000	0	1	0	1	6365	3559	0	0.000155255395124981	0	0.000155255395124981
124000	0	1	0	1	6424	3528	0	0.00015451174289246	0	0.00015451174289246
125000	0	1	0	1	6671	3274	0	0.000148676776687481	0	0.000148676776687481
126000	0	1	0	1	6708	3241	0	0.000147950880307738	0	0.000147950880307738
127000	0	1	0	1	6878	3057	0	0.000144029958231312	0	0.000144029958231312
128000	0	1	0	1	6749	3178	0	0.000146584579302257	0	0.000146584579302257
129000	0	1	0	1	6638	3265	0	0.000148478099480327	0	0.000148478099480327
130000	0	1	0	1	6270	3302	0	0.000149298297999403	0	0.000149298297999403
131000	0	1	0	1	5565	3699	0	0.000158704967465482	0	0.000158704967465482
132000	0	1	0	1	5480	3781	0	0.000160797555877151	0	0.000160797555877151
133000	0	1	0	0	5615	3660	0	0.000157728706624606	0	0
134000	1	1	2	0	5502	3722	0.000159286396941701	0.000159286396941701	0.000318572793883402	0
135000	1	1	4	3	5461	3740	0.000159744408945687	0.000159744408945687	0.000638977635782748	0.000479233226837061
136000	1	1	4	3	5434	3779	0.000160745860794085	0.000160745860794085	0.000642983443176338	0.000482237582382254
137000	1	1	4	3	5482	3740	0.000159744408945687	0.000159744408945687	0.000638977635782748	0.000479233226837061
138000	1	0	4	3	5508	3713	0.000159058374423413	0	0.000636233497693654	0.00047717512327024
139000	1	0	4	4	5619	3616	0.000156641604010025	0	0.0006265664160401	0.0006265664160401
140000	1	0	4	4	5588	3980	0.000166112956810631	0	0.000664451827242525	0.000664451827242525
141000	1	0	4	6	5941	3912	0.000164257555847569	0	0.000657030223390276	0.000985545335085414
142000	1	0	4	6	6092	3746	0.000159897665494084	0	0.000639590661976335	0.000959385992964503
143000	1	0	4	6	5768	3882	0.0001634521085322	0	0.0006538084341288	0.0009807126511932
144000	0	0	2	6	5899	3739	0	0	0.000319437789490497	0.00095831336847149
145000	0	0	0	3	5961	3712	0	0	0	0.000477099236641221
146000	0	0	0	3	6124	3549	0	0	0	0.000465044179197024
147000	0	0	0	3	5947	3639	0	0	0	0.000471623958497092
148000	0	0	0	3	5602	3449	0	0	0	0.000457945351854679
149000	0	0	0	2	5512	3542	0	0	0	0.000309693403530505
150000	0	0	0	2	5839	3197	0	0	0	0.000293987946494194
151000	0	0	0	0	6245	2814	0	0	0	0
152000	0	0	0	0	6341	2731	0	0	0	0
153000	0	0	0	0	6611	2650	0	0	0	0
154000	0	0	0	1	6608	2683	0	0	0	0.000136668033347
155000	0	0	0	1	6595	2697	0	0	0	0.000136930028755306
156000	0	0	0	1	6577	2714	0	0	0	0.000137249519626681
157000	0	0	0	1	6665	2713	0	0	0	0.000137230684781117
158000	0	0	0	1	6974	2930	0	0	0	0.000141442715700141
159000	0	0	0	1	6948	2963	0	0	0	0.000142106011084269
160000	0	0	0	1	6751	3165	0	0	0	0.000146305779078274
161000	0	0	0	1	6779	3137	0	0	0	0.000145708873670407
162000	0	0	0	2	6664	3258	0	0	0	0.000296647878967665
163000	0	0	0	3	6661	3260	0	0	0	0.000445103857566766
164000	0	0	0	2	6777	3182	0	0	0	0.000293341155764154
165000	0	0	0	2	6487	3441	0	0	0	0.000304924531178533
166000	0	0	0	3	6309	3605	0	0	0	0.000469116497263487
167000	0	0	0	3	6287	3632	0	0	0	0.000471105527638191
168000	0	0	0	5	6464	3465	0	0	0	0.000765110941086458
169000	1	0	2	6	6257	3668	0.000157927984838913	0	0.000315855969677827	0.000947567909033481
170000	1	0	2	6	6366	3572	0.00015556938394524	0	0.000311138767890479	0.000933416303671437
171000	1	0	2	6	5881	3999	0.000166638893517747	0	0.000333277787035494	0.000999833361106482
172000	1	0	2	5	5949	3932	0.00016479894528675	0	0.0003295978905735	0.000823994726433751
173000	1	0	2	4	5834	4048	0.000168010752688172	0	0.000336021505376344	0.000672043010752688
174000	1	0	2	4	5549	4297	0.000175346308960196	0	0.000350692617920393	0.000701385235840786
175000	1	0	2	4	5749	4079	0.000168890390136801	0	0.000337780780273602	0.000675561560547205
176000	1	0	2	3	5856	3987	0.000166306336271412	0	0.000332612672542824	0.000498919008814236
177000	1	0	2	3	5732	4111	0.000169808116827984	0	0.000339616233655969	0.000509424350483953
178000	1	0	2	1	5781	4070	0.000168634064080944	0	0.000337268128161889	0.000168634064080944
179000	0	0	0	1	6014	3821	0	0	0	0.000161838485191779
180000	0	0	0	1	6141	3694	0	0	0	0.000158579130986362
181000	0	0	0	1	6462	3423	0	0	0	0.000152045005321575
182000	0	0	0	1	6500	3385	0	0	0	0.000151171579743008
183000	0	0	0	1	6380	3497	0	0	0	0.000153775180685837
184000	0	0	0	2	6378	3520	0	0	0	0.000308641975308642
185000	0	0	0	2	5901	4042	0	0	0	0.000335683115139308
186000	0	0	0	2	6018	3925	0	0	0	0.000329218106995885
187000	0	0	0	2	6305	3638	0	0	0	0.000314366551398931
188000	0	0	0	2	5844	4044	0	0	0	0.000335795836131632
189000	0	0	0	1	5390	4443	0	0	0	0.000179953212164837
190000	0	0	0	2	5342	4471	0	0	0	0.000361729064930367
191000	0	0	0	2	5395	4420	0	0	0	0.0003584229390681
192000	0	0	0	2	5372	4443	0	0	0	0.000359906424329674
193000	0	0	0	2	5347	4384	0	0	0	0.000356125356125356
194000	0	0	0	1	5476	4264	0	0	0	0.000174337517433752
195000	0	0	0	1	6016	3724	0	0	0	0.000159337157425112
196000	0	0	0	1	5872	3857	0	0	0	0.000162786911932281
197000	0	1	0	1	5708	4020	0	0.000167224080267559	0	0.000167224080267559
198000	0	1	0	1	5355	3910	0	0.000164203612479475	0	0.000164203612479475
199000	0	1	0	1	5501	3808	0	0.000161498708010336	0	0.000161498708010336
200000	0	1	0	0	5339	3989	0	0.00016636167027117	0	0
201000	0	1	0	1	5031	4302	0	0.000175500175500175	0	0.000175500175500175
202000	0	1	0	1	4936	4387	0	0.000178157847853198	0	0.000178157847853198
203000	0	1	0	1	5122	4288	0	0.000175070028011204	0	0.000175070028011204
204000	0	1	0	1	4800	4533	0	0.000182915675873422	0	0.000182915675873422
205000	0	1	0	1	4085	4878	0	0.000195236235845373	0	0.000195236235845373
206000	0	1	0	1	3989	4982	0	0.000199282582702272	0	0.000199282582702272
207000	0	0	0	1	4029	4943	0	0	0	0.000197745699031046
208000	0	0	0	2	4829	4661	0	0	0	0.000374601985390523
209000	0	0	0	2	5105	4415	0	0	0	0.00035810205908684
210000	0	0	0	2	5296	4224	0	0	0	0.000346260387811634
211000	0	0	0	1	5576	3942	0	0	0	0.000165070980521624
212000	0	0	0	1	5396	4131	0	0	0	0.000170386777986028
213000	1	0	0	1	5236	4281	0.000174855744011191	0	0	0.000174855744011191
214000	1	0	0	1	4963	4629	0.00018618506795755	0	0	0.00018618506795755
215000	1	0	0	1	5358	4576	0.000184365781710914	0	0	0.000184365781710914
216000	1	0	0	1	5679	4258	0.00017415534656914	0	0	0.00017415534656914
217000	1	0	0	1	5887	4050	0.000168067226890756	0	0	0.000168067226890756
218000	1	0	0	0	5825	4114	0.000169894665307509	0	0	0
219000	1	0	0	0	5882	4058	0.000168293503870751	0	0	0
220000	1	0	0	1	5954	3980	0.000166112956810631	0	0	0.000166112956810631
221000	1	0	0	2	5972	3957	0.000165480721495946	0	0	0.000330961442991891
222000	1	0	0	2	6247	3683	0.000158302991926547	0	0	0.000316605983853095
223000	0	0	0	2	6413	3532	0	0	0	0.000309214594928881
224000	0	0	0	2	7079	2857	0	0	0	0.000279994400111998
225000	0	4	0	3	7161	2797	0	0.00055532417048452	0	0.00041649312786339
226000	1	6	3	9	6992	2954	0.000141924496168039	0.000851546977008232	0.000425773488504116	0.00127732046551235
227000	1	6	3	10	6829	3109	0.000145116819039327	0.00087070091423596	0.00043535045711798	0.00145116819039327
228000	1	6	3	13	6810	3125	0.000145454545454545	0.000872727272727273	0.000436363636363636	0.00189090909090909
229000	3	6	4	13	6584	3327	0.000449572905739547	0.000899145811479095	0.000599430540986063	0.00194814925820471
230000	3	6	4	13	6327	3582	0.000467435338111561	0.000934870676223122	0.000623247117482082	0.00202555313181677
231000	3	6	4	15	6168	3662	0.000473335437046387	0.000946670874092774	0.000631113916061849	0.00236667718523193
232000	3	6	4	15	6007	3808	0.000484496124031008	0.000968992248062015	0.000645994832041344	0.00242248062015504
233000	3	6	5	16	6086	3720	0.000477707006369427	0.000955414012738854	0.000796178343949045	0.00254777070063694
234000	3	6	5	16	6152	3668	0.00047378395451674	0.000947567909033481	0.000789639924194567	0.00252684775742262
235000	3	2	5	15	6286	3544	0.000464684014869888	0.000309789343246592	0.000774473358116481	0.00232342007434944
236000	2	0	2	9	6198	3644	0.000314663310258024	0	0.000314663310258024	0.00141598489616111
237000	2	0	2	8	6021	3817	0.000323467572375869	0	0.000323467572375869	0.00129387028950348
238000	2	0	2	5	5975	3866	0.00032605151613955	0	0.00032605151613955	0.000815128790348875
239000	0	0	2	5	6070	3745	0	0	0.000319744204636291	0.000799360511590727
240000	0	0	2	5	6131	3686	0	0	0.00031675641431739	0.000791891035793475
241000	0	0	2	2	6288	3613	0	0	0.000313136057617035	0.000313136057617035
242000	0	0	2	2	6324	3581	0	0	0.000311575011684063	0.000311575011684063
243000	0	0	1	1	6097	3813	0	0	0.000161629222563439	0.000161629222563439
244000	0	0	1	1	5946	3954	0	0	0.000165398610651671	0.000165398610651671
245000	0	0	1	1	5851	4033	0	0	0.000167588402882521	0.000167588402882521
246000	0	0	1	1	5840	4042	0	0	0.000167841557569654	0.000167841557569654
247000	0	0	1	1	5943	3951	0	0	0.0001653165812531	0.0001653165812531
248000	0	0	1	1	5712	4137	0	0	0.000170561146170902	0.000170561146170902
249000	0	0	1	1	5746	4143	0	0	0.000170735871606625	0.000170735871606625
250000	0	0	1	0	6092	3804	0	0	0.000161394448030988	0
251000	0	0	1	0	6092	3799	0	0	0.000161264312207708	0
252000	0	0	1	0	5820	4062	0	0	0.000168406871000337	0
253000	0	0	1	0	6168	3718	0	0	0.000159184972938555	0
254000	0	0	1	0	6292	3604	0	0	0.000156347717323327	0
255000	0	0	1	0	6461	3451	0	0	0.000152695067949305	0
256000	0	0	1	0	6374	3540	0	0	0.000154798761609907	0
257000	0	0	1	0	6459	3453	0	0	0.000152741713762028	0
258000	0	0	1	0	6961	2996	0	0	0.000142775556824672	0
259000	0	0	0	0	7181	2786	0	0	0	0
260000	0	0	0	0	7042	2916	0	0	0	0
261000	0	0	0	0	7124	2842	0	0	0	0
262000	0	0	0	0	7702	2284	0	0	0	0
263000	0	0	0	0	7506	2465	0	0	0	0
264000	0	0	0	0	7357	2617	0	0	0	0
265000	0	0	0	1	7331	2642	0	0	0	0.000135906496330525
266000	0	0	0	1	7429	2544	0	0	0	0.00013412017167382
267000	0	0	0	1	7176	2789	0	0	0	0.000138677021217584
268000	0	0	0	1	6947	3018	0	0	0	0.000143225436837582
269000	0	0	0	1	6860	3100	0	0	0	0.000144927536231884
270000	0	0	0	1	6791	3178	0	0	0	0.000146584579302257
271000	0	0	0	1	6479	3490	0	0	0	0.000153609831029186
272000	0	0	0	1	6242	3727	0	0	0	0.000159413358839471
273000	0	0	0	1	6105	3879	0	0	0	0.000163371998039536
274000	1	0	0	1	5849	3841	0.000162364020133139	0	0	0.000162364020133139
275000	1	0	0	0	5862	3829	0.000162048290390536	0	0	0
276000	1	0	0	0	5837	3846	0.00016249593760156	0	0	0
277000	1	0	0	0	6040	3648	0.000157430730478589	0	0	0
278000	1	0	0	0	5851	3832	0.000162127107652399	0	0	0
279000	1	0	0	2	5780	3877	0.000163318634656214	0	0	0.000326637269312429
280000	1	0	0	2	5766	3891	0.000163692912096906	0	0	0.000327385824193812
281000	1	0	0	2	5462	4179	0.000171791788352517	0	0	0.000343583576705034
282000	1	0	0	2	5277	4364	0.000177430801987225	0	0	0.00035486160397445
283000	1	0	0	2	5441	4200	0.000172413793103448	0	0	0.000344827586206897
284000	0	0	0	2	5668	4241	0	0	0	0.000347282514325404
285000	0	0	1	2	5778	4122	0	0	0.000170125893160939	0.000340251786321878
286000	0	0	1	2	5921	3987	0	0	0.000166306336271412	0.000332612672542824
287000	0	0	1	2	6041	3871	0	0	0.000163158753467124	0.000326317506934247
288000	0	0	2	2	6201	3703	0	0	0.000317611561060823	0.000317611561060823
289000	0	0	3	0	6015	3882	0	0	0.0004903563255966	0
290000	0	0	3	0	5407	4454	0	0	0.000540930400288496	0
291000	0	0	3	0	5923	3943	0	0	0.000495294700346706	0
292000	0	0	3	0	6072	3772	0	0	0.000481695568400771	0
293000	0	0	3	0	5521	4318	0	0	0.000527983104540655	0
294000	0	0	3	0	5297	4553	0	0	0.0005507618872774	0
295000	0	3	2	0	5111	4740	0	0.000570342205323194	0.000380228136882129	0
296000	0	3	2	0	5019	4828	0	0.000580046403712297	0.000386697602474865	0
297000	0	4	2	0	4945	4887	0	0.000782319577547428	0.000391159788773714	0
298000	0	4	1	0	4941	4904	0	0.000784929356357928	0.000196232339089482	0
299000	0	4	0	0	4959	4864	0	0.000778816199376947	0	0
300000	0	4	0	0	5366	4481	0	0.000724768979887661	0	0
301000	0	4	0	0	5330	4520	0	0.00072992700729927	0	0
302000	0	4	0	3	5480	4380	0	0.000711743772241993	0	0.000533807829181495
303000	0	4	0	3	5655	3606	0	0.000625586487331874	0	0.000469189865498905
304000	0	4	0	3	5324	3610	0	0.000625978090766823	0	0.000469483568075117
305000	0	1	0	5	5238	3688	0	0.000158428390367554	0	0.000792141951837769
306000	0	1	0	6	5437	3491	0	0.000153633430634506	0	0.000921800583807036
307000	0	0	0	6	5658	3286	0	0	0	0.000893655049151028
308000	0	0	0	6	5518	3426	0	0	0	0.000912686340127776
309000	0	0	0	6	5113	3727	0	0	0	0.000956480153036825
310000	0	0	0	6	4609	3380	0	0	0	0.000906344410876133
311000	0	0	0	6	4379	3553	0	0	0	0.000930665425779432
312000	0	0	0	3	4397	3547	0	0	0	0.000464900046490005
313000	0	0	0	3	4844	3704	0	0	0	0.000476493011435832
314000	0	0	0	3	5601	3273	0	0	0	0.000445964025568604
315000	0	0	0	1	5601	3076	0	0	0	0.000144425187752744
316000	0	0	0	0	5382	3277	0	0	0	0
317000	0	0	0	0	5171	3474	0	0	0	0
318000	0	0	0	0	5299	3343	0	0	0	0
319000	0	0	0	0	6057	2744	0	0	0	0
320000	0	0	1	0	6401	3170	0	0	0.000146412884333821	0
321000	0	0	1	2	6792	2840	0	0	0.000139664804469274	0.000279329608938547
322000	0	4	1	3	6601	3026	0	0.000573558933180384	0.000143389733295096	0.000430169199885288
323000	0	4	3	5	6415	3205	0	0.000588668138337013	0.000441501103752759	0.000735835172921266
324000	0	4	6	6	6511	3113	0	0.000580804414113547	0.000871206621170321	0.000871206621170321
325000	0	4	6	7	6730	3106	0	0.00058021467943139	0.000870322019147084	0.00101537568900493
326000	0	4	6	8	6545	3310	0	0.000597907324364724	0.000896860986547085	0.00119581464872945
327000	0	4	6	9	6655	3213	0	0.000589362015618093	0.00088404302342714	0.00132606453514071
328000	0	4	7	9	6765	3105	0	0.000580130529369108	0.00101522842639594	0.00130529369108049
329000	0	4	7	9	6715	3154	0	0.00058428279287175	0.00102249488752556	0.00131463628396144
330000	0	4	6	9	7000	2873	0	0.000561245966044619	0.000841868949066929	0.00126280342360039
331000	0	4	6	7	6196	3630	0	0.000627943485086342	0.000941915227629513	0.0010989010989011
332000	0	0	7	6	5876	3930	0	0	0.00115321252059308	0.000988467874794069
333000	0	0	6	4	5927	3871	0	0	0.000978952520802741	0.000652635013868494
334000	0	0	4	3	5095	4338	0	0	0.000706464146944543	0.000529848110208407
335000	0	0	4	2	4841	4568	0	0	0.000736377025036819	0.000368188512518409
336000	0	0	4	1	5241	4169	0	0	0.00068598868118676	0.00017149717029669
337000	0	0	4	0	4934	4477	0	0	0.000724244070251675	0
338000	0	0	4	0	4804	4604	0	0	0.000741289844329133	0
339000	0	0	4	0	4817	4597	0	0	0.000740329446603739	0
340000	0	0	5	0	5088	4414	0	0	0.000895094880057286	0
341000	0	0	5	0	5829	3724	0	0	0.000796685787125558	0
342000	0	0	4	0	6267	3299	0	0	0.000596925831965378	0
343000	0	0	3	0	6427	3150	0	0	0.000437956204379562	0
344000	0	0	2	1	7230	2710	0	0	0.000274348422496571	0.000137174211248285
345000	0	0	2	1	7496	2468	0	0	0.000265533722782793	0.000132766861391397
346000	0	0	2	1	7225	2480	0	0	0.000265957446808511	0.000132978723404255
347000	0	0	2	1	7202	2375	0	0	0.000262295081967213	0.000131147540983607
348000	0	0	3	1	7184	2395	0	0	0.000394477317554241	0.000131492439184747
349000	0	0	5	1	7198	2379	0	0	0.000656081879018502	0.0001312163758037
350000	0	0	7	1	7016	2544	0	0	0.000938841201716738	0.00013412017167382
351000	0	0	8	2	6939	2604	0	0	0.00108166576527853	0.000270416441319632
352000	0	0	10	2	7045	2508	0	0	0.00133475707421249	0.000266951414842499
353000	0	0	11	4	7150	2386	0	0	0.00144470711846598	0.00052534804307854
354000	0	0	13	5	7243	2300	0	0	0.00168831168831169	0.000649350649350649
355000	0	0	14	8	7310	2230	0	0	0.0018018018018018	0.00102960102960103
356000	0	0	14	8	7325	2474	0	0	0.00186021791124103	0.0010629816635663
357000	0	0	15	10	7557	2360	0	0	0.00196335078534031	0.00130890052356021
358000	0	0	13	10	7877	2042	0	0	0.00163357627544609	0.00125659713495853
359000	0	0	11	10	8008	1913	0	0	0.0013602077408186	0.00123655249165327
360000	0	0	8	11	8254	1684	0	0	0.000962000962000962	0.00132275132275132
361000	0	0	7	11	8204	1750	0	0	0.000848484848484849	0.00133333333333333
362000	0	0	7	11	8220	1734	0	0	0.000846842487297363	0.00133075248003871
363000	0	0	9	12	8067	1873	0	0	0.00110741971207087	0.0014765596160945
364000	0	0	7	13	7549	2102	0	0	0.000886300329197265	0.00164598632565206
365000	0	0	6	12	7173	2383	0	0	0.000787711697518708	0.00157542339503742
366000	0	0	6	14	7094	2460	0	0	0.000795755968169761	0.00185676392572944
367000	0	0	5	12	7225	2339	0	0	0.000652656311186529	0.00156637514684767
368000	0	0	5	14	7118	2444	0	0	0.000661725780836421	0.00185283218634198
369000	0	0	5	14	6665	2892	0	0	0.000703432751828925	0.00196961170512099
370000	0	0	5	13	6558	3000	0	0	0.000714285714285714	0.00185714285714286
371000	0	0	5	13	6754	2801	0	0	0.000694540908459508	0.00180580636199472
372000	0	0	3	13	6696	2839	0	0	0.000418935902806871	0.00181538891216311
373000	0	0	0	11	6786	2779	0	0	0	0.00152333471818308
374000	0	0	0	8	7240	2621	0	0	0	0.00108415774495189
375000	0	0	0	6	7628	2324	0	0	0	0.000781657113079729
376000	0	0	0	9	7772	2177	0	0	0	0.0011504537901061
377000	0	4	0	11	7366	2576	0	0.000538793103448276	0	0.00148168103448276
378000	0	4	0	9	6521	3386	0	0.000604777744179014	0	0.00136074992440278
379000	0	5	0	14	6555	3336	0	0.000750300120048019	0	0.00210084033613445
380000	0	6	0	19	6437	3410	0	0.000910470409711684	0	0.00288315629742033
381000	0	9	0	22	6417	3423	0	0.00136840504789418	0	0.00334499011707465
382000	0	16	0	29	6513	3329	0	0.00239844101334133	0	0.00434717433668116
383000	0	17	0	36	6350	3484	0	0.00260896255371393	0	0.00552486187845304
384000	0	17	0	49	5847	3974	0	0.00282110852970461	0	0.00813143046797212
385000	0	17	0	49	5014	4571	0	0.00313133173696813	0	0.00902560324184933
386000	0	17	0	44	4337	4857	0	0.00330546373711841	0	0.00855531790783589
387000	0	14	0	49	4315	4868	0	0.00272798129384256	0	0.00954793452844895
388000	0	19	0	64	5022	4178	0	0.00326348333905874	0	0.0109927859841979
389000	0	28	0	76	5234	3960	0	0.00463576158940397	0	0.0125827814569536
390000	0	32	0	88	5221	3995	0	0.00532889258950874	0	0.014654454621149
391000	0	32	0	97	5138	4073	0	0.00539902142736629	0	0.0163657837017041
392000	0	26	0	91	4348	4871	0	0.00506921427178787	0	0.0177422499512576
393000	0	25	0	83	3845	5360	0	0.00538793103448276	0	0.0178879310344828
394000	0	25	0	70	3495	5386	0	0.00541829215431296	0	0.0151712180320763
395000	0	25	0	70	3547	5155	0	0.00515995872033024	0	0.0144478844169247
396000	0	25	0	70	3883	5104	0	0.0051062091503268	0	0.014297385620915
397000	0	24	0	63	4150	4819	0	0.00463231036479444	0	0.0121598147075854
398000	0	19	0	48	4318	4671	0	0.00356539688496904	0	0.00900731844623757
399000	0	9	0	31	4348	4668	0	0.00168792198049512	0	0.00581395348837209
400000	0	4	0	14	4458	4580	0	0.000738007380073801	0	0.0025830258302583
401000	0	1	0	1	4204	4785	0	0.000191754554170662	0	0.000191754554170662
402000	0	0	0	0	4568	4432	0	0	0	0
403000	0	2	0	9	4948	4062	0	0.000336813742000674	0	0.00151566183900303
404000	0	5	0	15	5245	4093	0	0.000846453360419841	0	0.00253936008125952
405000	0	5	0	15	5201	4526	0	0.000913408841797589	0	0.00274022652539277
406000	0	7	0	22	5516	4313	0	0.00123087743977493	0	0.00386847195357834
407000	0	7	0	28	5399	4459	0	0.00126330987186428	0	0.00505323948745714
408000	0	7	0	42	5159	4679	0	0.00131554219131742	0	0.00789325314790453
409000	0	9	0	53	4957	4868	0	0.00175370226032736	0	0.0103273577552611
410000	0	10	0	60	4769	5045	0	0.00201816347124117	0	0.012108980827447
411000	0	15	0	66	4883	4968	0	0.00298092209856916	0	0.0131160572337043
412000	0	17	0	71	5302	4543	0	0.00311526479750779	0	0.0130108118013561
413000	0	16	3	63	5522	4335	0	0.0028243601059135	0.000529567519858782	0.0111209179170344
414000	0	14	4	60	5435	4398	0	0.00249910746162085	0.000714030703320243	0.0107104605498036
415000	0	21	4	71	6284	3562	0	0.0032618825722274	0.000621310966138552	0.0110282696489593
416000	0	19	4	66	6225	3628	0	0.00298179535467671	0.000627746390458255	0.0103578154425612
417000	0	20	4	68	6280	3571	0	0.00311090371752994	0.000622180743505989	0.0105770726396018
418000	0	22	4	56	5911	3955	0	0.00363937138130687	0.000661703887510339	0.00926385442514475
419000	0	21	4	49	6003	3866	0	0.00342354091946528	0.0006521030322791	0.00798826214541898
420000	0	21	4	48	6166	3702	0	0.00333439187043506	0.000635122261035249	0.00762146713242299
421000	0	16	4	42	5616	4279	0	0.00279671386121307	0.000699178465303269	0.00734137388568432
422000	0	14	4	40	5034	4860	0	0.00272373540856031	0.000778210116731518	0.00778210116731518
423000	0	14	1	42	4628	5259	0	0.00295296350980806	0.00021092596498629	0.00885889052942417
424000	0	24	0	43	5186	4719	0	0.00454459382692672	0	0.0081423972732437
425000	0	21	0	32	4527	5385	0	0.00455037919826652	0	0.00693391115926327
426000	0	24	0	34	4046	5376	0	0.00519031141868512	0	0.00735294117647059
427000	0	23	0	26	3451	4980	0	0.00458167330677291	0	0.0051792828685259
428000	0	21	0	24	3188	5072	0	0.00426136363636364	0	0.00487012987012987
429000	0	22	0	23	2590	5673	0	0.00508435405592789	0	0.00531546105847007
430000	0	27	0	23	1956	6296	0	0.00728941684665227	0	0.00620950323974082
431000	0	27	0	23	1939	6307	0	0.00731112916328188	0	0.00622799891686975
432000	0	27	0	20	1658	6500	0	0.00771428571428571	0	0.00571428571428571
433000	0	30	0	21	1838	6280	0	0.00806451612903226	0	0.00564516129032258
434000	0	19	0	18	1457	6358	0	0.00521691378363537	0	0.00494233937397035
435000	0	28	0	25	1974	5833	0	0.00671946244300456	0	0.00599952003839693
436000	0	32	0	26	2636	5648	0	0.00735294117647059	0	0.00597426470588235
437000	0	44	0	29	3302	5952	0	0.0108695652173913	0	0.00716403162055336
438000	0	46	0	40	3988	5419	0	0.0100414756603362	0	0.00873171796550971
439000	0	44	0	40	4395	4976	0	0.00875796178343949	0	0.00796178343949045
440000	0	40	0	36	5045	4323	0	0.0070459749867888	0	0.00634137748810992
441000	0	41	0	39	5738	3631	0	0.00643743130789763	0	0.00612341026848799
442000	0	42	0	41	6271	3191	0	0.00616830665295932	0	0.00602144220884124
443000	0	44	0	46	6411	3087	0	0.0063648199045277	0	0.00665412990018805
444000	0	45	0	49	6534	3220	0	0.00663716814159292	0	0.00722713864306785
445000	0	33	0	46	6514	3257	0	0.00489396411092985	0	0.0068218893667507
446000	0	27	0	41	6184	3588	0	0.00421085464753587	0	0.00639426076107299
447000	0	16	0	40	5698	4096	0	0.002710027100271	0	0.00677506775067751
448000	0	20	0	30	5697	4106	0	0.00339328130302002	0	0.00508992195453003
449000	0	20	0	27	5590	4201	0	0.00344887049491292	0	0.00465597516813244
450000	0	18	0	27	5113	4702	0	0.00339750849377123	0	0.00509626274065685
451000	0	17	0	25	5096	4724	0	0.0032221379833207	0	0.00473843821076573
452000	0	16	0	24	5419	4401	0	0.00285765315234863	0	0.00428647972852295
453000	0	10	0	17	5167	4663	0	0.0018737118231216	0	0.00318531009930673
454000	0	9	0	14	5337	4545	0	0.00164986251145738	0	0.00256645279560037
455000	0	8	0	11	5410	4456	0	0.00144300144300144	0	0.00198412698412698
456000	0	7	0	11	5786	4094	0	0.00118523535387741	0	0.00186251269895022
457000	0	6	0	9	6129	3585	0	0.000935307872174591	0	0.00140296180826189
458000	0	0	1	8	5698	3751	0	0	0.000160025604096655	0.00128020483277324
459000	0	0	1	8	5793	3687	0	0	0.000158403294788532	0.00126722635830825
460000	0	0	1	6	6240	3242	0	0	0.000147972773009766	0.000887836638058597
461000	0	0	1	5	6277	3194	0	0	0.000146929180135175	0.000734645900675874
462000	0	0	1	4	5956	3503	0	0	0.000153917192550408	0.000615668770201632
463000	0	0	1	3	6265	3199	0	0	0.000147037200411704	0.000441111601235112
464000	0	0	1	2	6267	3204	0	0	0.000147145379635079	0.000294290759270159
465000	0	0	1	1	6168	3324	0	0	0.000149790293588975	0.000149790293588975
466000	0	0	1	1	6032	3458	0	0	0.000152858453072455	0.000152858453072455
467000	0	0	1	1	6255	3409	0	0	0.000151722045213169	0.000151722045213169
468000	0	0	0	1	6734	3198	0	0	0	0.000147015583651867
469000	0	0	0	1	6891	3061	0	0	0	0.000144112984579911
470000	0	0	0	1	6583	3368	0	0	0	0.000150784077201448
471000	0	0	0	2	6577	3340	0	0	0	0.0003003003003003
472000	0	0	0	2	6743	3173	0	0	0	0.000292954445583712
473000	0	0	0	1	6707	3205	0	0	0	0.000147167034584253
474000	1	0	0	1	6734	3180	0.000146627565982405	0	0	0.000146627565982405
475000	1	0	0	2	6604	3283	0.000148875986303409	0	0	0.000297751972606819
476000	1	0	0	2	6382	3507	0.000154012012937009	0	0	0.000308024025874018
477000	1	0	0	2	5819	4025	0.000167364016736402	0	0	0.000334728033472803
478000	1	0	0	2	5881	3974	0.00016594756057086	0	0	0.000331895121141719
479000	1	0	0	2	6002	3857	0.000162786911932281	0	0	0.000325573823864561
480000	1	0	1	2	6236	3615	0.000156617071260767	0	0.000156617071260767	0.000313234142521535
481000	1	0	1	1	5642	4052	0.000168123739071957	0	0.000168123739071957	0.000168123739071957
482000	1	0	1	1	5522	4165	0.000171379605826907	0	0.000171379605826907	0.000171379605826907
483000	1	0	1	1	5444	4248	0.000173852573018081	0	0.000173852573018081	0.000173852573018081
484000	0	0	2	1	5285	4407	0	0	0.000357589844448418	0.000178794922224209
485000	0	0	2	1	5165	4553	0	0	0.000367174591518267	0.000183587295759133
486000	0	0	2	1	5296	4394	0	0	0.000356760613628255	0.000178380306814128
487000	0	0	2	1	5494	4206	0	0	0.000345184673800483	0.000172592336900242
488000	0	0	2	1	5428	4272	0	0	0.000349162011173184	0.000174581005586592
489000	0	0	2	2	5299	4371	0	0	0.0003553028957186	0.0003553028957186
490000	0	6	1	6	4893	4674	0	0.00112654900488171	0.000187758167480285	0.00112654900488171
491000	0	11	1	10	5025	4660	0	0.00205992509363296	0.000187265917602996	0.00187265917602996
492000	0	13	1	13	4656	4903	0	0.00255051991367471	0.000196193839513439	0.00255051991367471
493000	0	15	1	14	4499	5038	0	0.0030229746070133	0.000201531640467553	0.00282144296654575
494000	0	15	0	14	4289	5234	0	0.00314729332773815	0	0.0029374737725556
495000	0	16	0	14	4471	5050	0	0.00323232323232323	0	0.00282828282828283
496000	0	17	0	18	4632	4912	0	0.00334119496855346	0	0.0035377358490566
497000	0	17	0	18	4480	4658	0	0.00318232871583677	0	0.00336952452265069
498000	0	17	0	18	4304	4823	0	0.00328375507050415	0	0.00347691713347499
499000	0	17	1	17	4196	4929	0	0.00335239597712483	0.000197199763360284	0.00335239597712483
500000	0	12	1	14	4612	4615	0	0.00222841225626741	0.000185701021355617	0.00259981429897864
501000	1	7	1	10	4957	4354	0.000177116542685087	0.00123981579879561	0.000177116542685087	0.00177116542685087
502000	1	5	1	7	5172	4288	0.000175070028011204	0.000875350140056022	0.000175070028011204	0.00122549019607843
503000	1	5	1	12	5182	4265	0.0001743679163034	0.000871839581517001	0.0001743679163034	0.0020924149956408
504000	1	6	1	15	5008	4395	0.000178412132024978	0.00107047279214987	0.000178412132024978	0.00267618198037467
505000	1	8	1	21	5057	4338	0.000176616036736136	0.00141292829388909	0.000176616036736136	0.00370893677145885
506000	1	7	1	17	4637	4599	0.000185150897981855	0.00129605628587299	0.000185150897981855	0.00314756526569154
507000	1	7	1	17	4481	5060	0.000202429149797571	0.001417004048583	0.000202429149797571	0.0034412955465587
508000	1	8	1	22	4704	4835	0.000193610842207164	0.00154888673765731	0.000193610842207164	0.0042594385285576
509000	1	12	0	27	4902	4651	0.000186950831931202	0.00224340998317443	0	0.00504767246214246
510000	1	16	0	35	4764	4772	0.000191277735271614	0.00306044376434583	0	0.0066947207345065
511000	0	18	0	41	4855	4674	0	0.00337964701464514	0	0.0076980848666917
512000	0	19	0	46	5161	4359	0	0.00336819712816876	0	0.00815458252082964
513000	0	19	0	40	5592	3961	0	0.00314621626097036	0	0.00662361318099023
514000	0	21	0	37	5951	3343	0	0.00315457413249211	0	0.00555805918581944
515000	0	19	0	31	6049	3139	0	0.00276927561579945	0	0.0045182917941991
516000	0	19	0	32	6176	3164	0	0.00277940315974254	0	0.00468110005851375
517000	0	21	0	36	6668	2792	0	0.0029134295227525	0	0.00499445061043285
518000	0	20	0	31	5889	3492	0	0.00307314074984634	0	0.00476336816226183
519000	0	16	0	26	5292	3954	0	0.00264637777042673	0	0.00430036387694343
520000	0	11	0	18	5113	4156	0	0.00188227241615332	0	0.00308008213552361
521000	0	10	0	14	4667	4604	0	0.00185322461082283	0	0.00259451445515196
522000	0	9	0	12	4700	4577	0	0.00165959800848239	0	0.00221279734464319
523000	0	8	0	13	4213	5064	0	0.00162074554294976	0	0.00263371150729335
524000	0	6	0	16	4366	5225	0	0.0012565445026178	0	0.00335078534031414
525000	0	5	0	15	4019	5681	0	0.00115767538782125	0	0.00347302616346376
526000	0	5	0	15	4134	5573	0	0.00112943302462164	0	0.00338829907386492
527000	0	3	0	12	4152	5565	0	0.000676437429537768	0	0.00270574971815107
528000	0	3	0	13	4740	5045	0	0.000605449041372351	0	0.00262361251261352
529000	0	3	0	15	5249	4679	0	0.000563803796278895	0	0.00281901898139447
530000	0	3	0	14	5657	4275	0	0.000524017467248908	0	0.00244541484716157
531000	0	2	0	12	6092	3846	0	0.00032499187520312	0	0.00194995125121872
532000	0	2	0	9	5949	3981	0	0.000332281109818907	0	0.00149526499418508
533000	0	1	0	8	6115	3815	0	0.000161681487469685	0	0.00129345189975748
534000	0	0	0	5	5939	3995	0	0	0	0.000832639467110741
535000	0	0	0	5	5746	4171	0	0	0	0.000857780065191285
536000	0	0	0	4	5670	4232	0	0	0	0.000693481276005548
537000	0	0	0	3	5714	4191	0	0	0	0.000516440006885867
538000	0	0	0	2	5389	4456	0	0	0	0.000360750360750361
539000	0	0	0	0	5612	4243	0	0	0	0
540000	0	0	0	0	5636	4210	0	0	0	0
541000	0	0	0	0	5866	3980	0	0	0	0
542000	0	0	0	0	5969	3888	0	0	0	0
543000	0	0	0	0	6267	3558	0	0	0	0
544000	0	0	0	0	6617	3208	0	0	0	0
545000	0	0	0	0	6514	3078	0	0	0	0
546000	0	0	0	0	6753	2859	0	0	0	0
547000	0	0	0	0	6934	2681	0	0	0	0
548000	0	0	0	0	7001	2621	0	0	0	0
549000	0	0	0	0	6654	2968	0	0	0	0
550000	0	0	0	0	6641	2989	0	0	0	0
551000	0	0	0	0	6464	3166	0	0	0	0
552000	0	0	0	0	6212	3415	0	0	0	0
553000	0	0	0	0	6151	3474	0	0	0	0
554000	0	0	0	0	6076	3549	0	0	0	0
555000	0	0	0	0	6201	3680	0	0	0	0
556000	0	0	0	0	5764	4117	0	0	0	0
557000	0	0	0	0	5044	4733	0	0	0	0
558000	0	0	0	0	4714	5139	0	0	0	0
559000	0	0	0	0	4214	5521	0	0	0	0
560000	0	0	0	0	3833	5556	0	0	0	0
561000	0	0	0	0	3673	5715	0	0	0	0
562000	0	0	0	0	4025	5365	0	0	0	0
563000	0	0	0	0	4121	5305	0	0	0	0
564000	0	0	0	0	4097	5329	0	0	0	0
565000	0	0	0	0	4762	4666	0	0	0	0
566000	0	0	0	0	5279	4138	0	0	0	0
567000	0	0	0	0	5999	3522	0	0	0	0
568000	0	0	0	0	6672	2778	0	0	0	0
569000	0	0	0	0	7290	2134	0	0	0	0
570000	0	0	0	0	6923	2582	0	0	0	0
571000	0	0	0	0	6446	3000	0	0	0	0
572000	0	0	0	0	5834	3613	0	0	0	0
573000	0	0	0	0	5719	3721	0	0	0	0
574000	0	0	0	0	5713	3722	0	0	0	0
575000	0	0	2	0	5409	3988	0	0	0.000332667997338656	0
576000	0	0	2	0	5531	3877	0	0	0.000326637269312429	0
577000	0	0	3	0	5240	4166	0	0	0.000514226945491944	0
578000	0	0	3	0	5431	4047	0	0	0.000503947589450697	0
579000	0	0	3	0	5470	4152	0	0	0.000512995896032832	0
580000	0	0	3	0	6292	3596	0	0	0.000468457214241099	0
581000	0	0	3	0	6993	2952	0	0	0.000425652667423383	0
582000	0	0	3	0	7498	2408	0	0	0.000395152792413066	0
583000	0	0	3	0	7142	2727	0	0	0.000412484531830056	0
584000	0	0	3	0	7210	2659	0	0	0.000408663669799755	0
585000	0	0	1	0	6938	2731	0	0	0.000137570504883753	0
586000	0	0	1	0	6543	3119	0	0	0.000145327713995059	0
587000	0	0	0	0	6643	2999	0	0	0	0
588000	0	0	0	0	6635	3007	0	0	0	0
589000	0	0	0	0	6918	2724	0	0	0	0
590000	0	0	0	0	6861	2763	0	0	0	0
591000	0	0	0	0	6846	2781	0	0	0	0
592000	0	0	0	0	6452	3157	0	0	0	0
593000	0	0	0	0	6894	2759	0	0	0	0
594000	0	0	0	0	6850	2730	0	0	0	0
595000	0	0	0	0	7353	2464	0	0	0	0
596000	0	0	0	0	7573	2245	0	0	0	0
597000	0	0	0	0	7745	2083	0	0	0	0
598000	0	0	0	0	7756	2072	0	0	0	0
599000	0	0	0	0	7189	2454	0	0	0	0
600000	0	0	0	0	6425	3110	0	0	0	0
601000	0	0	0	0	5801	3456	0	0	0	0
602000	0	0	0	0	5685	3605	0	0	0	0
603000	0	0	1	1	5340	3844	0	0	0.000162443144899285	0.000162443144899285
604000	0	0	1	1	5355	3907	0	0	0.000164122763827343	0.000164122763827343
605000	0	0	1	1	5322	3941	0	0	0.000165043736590196	0.000165043736590196
606000	0	0	1	1	5454	3815	0	0	0.000161681487469685	0.000161681487469685
607000	0	0	1	1	5163	4056	0	0	0.000168236877523553	0.000168236877523553
608000	0	0	1	1	4913	4306	0	0	0.000175623463294696	0.000175623463294696
609000	0	0	1	1	5252	4149	0	0	0.000170910955392241	0.000170910955392241
610000	0	0	1	1	5590	3937	0	0	0.00016493485073396	0.00016493485073396
611000	0	0	1	1	6000	3805	0	0	0.000161420500403551	0.000161420500403551
612000	0	0	1	1	6528	3293	0	0	0.000149097957357984	0.000149097957357984
613000	0	0	0	0	6767	3160	0	0	0	0
614000	0	0	0	0	6797	3109	0	0	0	0
615000	0	0	0	0	6835	3007	0	0	0	0
616000	0	0	0	0	6541	3300	0	0	0	0
617000	0	0	0	0	6916	2987	0	0	0	0
618000	0	0	0	0	7118	2774	0	0	0	0
619000	0	0	0	0	6835	3025	0	0	0	0
620000	0	0	0	0	6962	2892	0	0	0	0
621000	0	0	0	0	7077	2771	0	0	0	0
622000	0	0	0	0	6702	2961	0	0	0	0
623000	0	0	0	0	6695	2968	0	0	0	0
624000	0	0	0	0	6645	3036	0	0	0	0
625000	0	0	0	0	6415	3319	0	0	0	0
626000	0	1	0	2	6506	3225	0	0.00014760147601476	0	0.00029520295202952
627000	0	1	0	2	6302	3428	0	0.000152160681679854	0	0.000304321363359708
628000	0	1	0	2	6135	3596	0	0.000156152404747033	0	0.000312304809494066
629000	0	1	0	2	6066	3675	0	0.000158102766798419	0	0.000316205533596838
630000	0	1	1	2	6076	3650	0	0.00015748031496063	0.00015748031496063	0.00031496062992126
631000	0	1	1	2	5994	3738	0	0.000159693388693708	0.000159693388693708	0.000319386777387416
632000	0	1	1	2	6099	3825	0	0.000161943319838057	0.000161943319838057	0.000323886639676113
633000	0	1	1	2	6118	3800	0	0.000161290322580645	0.000161290322580645	0.00032258064516129
634000	0	1	1	2	5922	3999	0	0.000166638893517747	0.000166638893517747	0.000333277787035494
635000	0	1	2	2	6025	3905	0	0.000164068908941756	0.000328137817883511	0.000328137817883511
636000	0	0	2	0	6095	3834	0	0	0.000324359390204346	0
637000	0	0	3	1	5972	3932	0	0	0.000494396835860251	0.00016479894528675
638000	0	0	3	1	5822	4088	0	0	0.00050744248985115	0.00016914749661705
639000	0	0	3	2	6110	3781	0	0	0.000482392667631452	0.000321595111754301
640000	0	0	2	2	6190	3722	0	0	0.000318572793883402	0.000318572793883402
641000	0	0	2	2	6174	3735	0	0	0.000319233838786911	0.000319233838786911
642000	0	0	2	2	6360	3550	0	0	0.000310077519379845	0.000310077519379845
643000	0	0	3	2	6208	3646	0	0	0.000472143531633617	0.000314762354422411
644000	0	0	3	2	6318	3525	0	0	0.000463320463320463	0.000308880308880309
645000	0	0	2	2	6362	3483	0	0	0.000306889673162498	0.000306889673162498
646000	0	0	2	3	6225	3620	0	0	0.000313479623824451	0.000470219435736677
647000	0	0	1	2	6400	3471	0	0	0.00015316281206923	0.000306325624138459
648000	0	0	1	2	6364	3478	0	0	0.000153327200245324	0.000306654400490647
649000	0	0	1	1	6208	3668	0	0	0.000157927984838913	0.000157927984838913
650000	0	0	1	1	6194	3678	0	0	0.000158177791838026	0.000158177791838026
651000	0	0	1	1	6063	3559	0	0	0.000155255395124981	0.000155255395124981
652000	0	0	1	1	5656	3622	0	0	0.000156788962057071	0.000156788962057071
653000	0	0	0	1	5847	3493	0	0	0	0.000153680651605963
654000	0	0	0	1	5720	3622	0	0	0	0.000156788962057071
655000	0	0	0	1	5262	4080	0	0	0	0.000168918918918919
656000	0	0	0	0	5045	4301	0	0	0	0
657000	0	0	0	0	4335	4500	0	0	0	0
658000	0	0	0	0	3869	4531	0	0	0	0
659000	0	0	0	0	4166	4244	0	0	0	0
660000	0	0	0	1	4379	4030	0	0	0	0.00016750418760469
661000	0	0	0	2	4750	3911	0	0	0	0.000328461159467893
662000	0	0	0	2	5258	3747	0	0	0	0.000319846473692628
663000	0	0	0	2	5163	3842	0	0	0	0.00032478077297824
664000	0	0	0	2	5070	3886	0	0	0	0.000327118089630357
665000	0	0	0	2	5480	3448	0	0	0	0.000305250305250305
666000	0	0	1	2	5735	3193	0	0	0.000146907595122668	0.000293815190245336
667000	0	0	2	2	6322	3102	0	0	0.000289939112786315	0.000289939112786315
668000	0	0	2	2	6716	3165	0	0	0.000292611558156547	0.000292611558156547
669000	0	0	2	2	6419	3452	0	0	0.00030543677458766	0.00030543677458766
670000	0	0	2	1	6106	3764	0	0	0.00032071840923669	0.000160359204618345
671000	0	0	2	0	5291	4415	0	0	0.00035810205908684	0
672000	0	0	2	0	4546	4866	0	0	0.000389559797428905	0
673000	0	0	2	1	3968	5441	0	0	0.000438692695766616	0.000219346347883308
674000	0	0	2	1	3508	5687	0	0	0.000463714351959193	0.000231857175979597
675000	0	0	2	1	2833	5941	0	0	0.000492732200049273	0.000246366100024637
676000	0	0	1	1	2466	6297	0	0	0.000270051309748852	0.000270051309748852
677000	0	0	0	1	1913	6851	0	0	0	0.000317561130517625
678000	0	0	0	1	1651	7102	0	0	0	0.000345065562456867
679000	0	0	0	1	1633	7130	0	0	0	0.000348432055749129
680000	0	0	0	1	1346	7391	0	0	0	0.000383288616328095
681000	0	0	0	1	1529	7294	0	0	0	0.000369549150036955
682000	0	0	0	1	1540	7561	0	0	0	0.000410004100041
683000	0	0	0	0	1478	7619	0	0	0	0
684000	0	0	0	0	1675	7653	0	0	0	0
685000	0	0	0	0	1749	7961	0	0	0	0
686000	0	0	0	0	1451	8024	0	0	0	0
687000	0	0	0	0	1871	7618	0	0	0	0
688000	0	0	0	0	1950	7546	0	0	0	0
689000	0	0	0	0	1620	7840	0	0	0	0
690000	0	0	0	0	1778	7714	0	0	0	0
691000	0	0	0	0	1616	7934	0	0	0	0
692000	0	0	0	0	1581	7934	0	0	0	0
693000	0	0	0	0	1777	7745	0	0	0	0
694000	0	0	0	0	1818	7745	0	0	0	0
695000	0	0	0	0	2104	7509	0	0	0	0
696000	0	0	0	0	2351	7502	0	0	0	0
697000	0	0	0	0	2006	7821	0	0	0	0
698000	0	0	2	1	1897	7941	0	0	0.000971345313258863	0.000485672656629432
699000	0	0	2	1	2003	7765	0	0	0.000894854586129754	0.000447427293064877
700000	0	0	2	1	2007	7707	0	0	0.000872219799389446	0.000436109899694723
701000	0	0	2	2	2290	7422	0	0	0.000775795190069822	0.000775795190069822
702000	0	0	2	2	2544	7215	0	0	0.000718132854578097	0.000718132854578097
703000	0	0	3	3	2531	7225	0	0	0.00108108108108108	0.00108108108108108
704000	0	0	3	3	2330	7405	0	0	0.00115606936416185	0.00115606936416185
705000	0	0	3	3	1949	7803	0	0	0.00136549840691853	0.00136549840691853
706000	0	0	3	3	1963	7792	0	0	0.00135869565217391	0.00135869565217391
707000	0	0	3	3	2241	7539	0	0	0.00121901665989435	0.00121901665989435
708000	0	0	1	2	2352	7025	0	0	0.000336134453781513	0.000672268907563025
709000	0	0	1	2	2213	6965	0	0	0.000329489291598023	0.000658978583196046
710000	0	0	1	2	1900	7271	0	0	0.000366434591425431	0.000732869182850861
711000	0	0	1	1	1715	7479	0	0	0.000396667988893296	0.000396667988893296
712000	0	0	1	1	1461	7361	0	0	0.000378931413414172	0.000378931413414172
713000	0	0	0	0	1230	6595	0	0	0	0
714000	0	0	0	0	1193	5653	0	0	0	0
715000	0	0	0	0	1193	4653	0	0	0	0
716000	0	0	0	0	932	3918	0	0	0	0
717000	0	0	0	0	534	3317	0	0	0	0
718000	0	0	0	0	321	2937	0	0	0	0
719000	0	0	0	0	210	2353	0	0	0	0
720000	0	0	0	0	119	1505	0	0	0	0
